time	charge	amps	volts
0.200000	-0.000001	-0.000021	-0.474666
0.400000	-0.000002	-0.000024	-0.625999
0.600000	-0.000004	-0.000024	-0.659038
0.800000	-0.000005	-0.000025	-0.665874
1.000000	-0.000007	-0.000025	-0.668343
1.200000	-0.000008	-0.000025	-0.668343
1.400000	-0.000009	-0.000025	-0.673090
1.600000	-0.000011	-0.000025	-0.682773
1.800000	-0.000012	-0.000025	-0.705179
2.000000	-0.000013	-0.000025	-0.699103
2.200000	-0.000015	-0.000025	-0.704989
2.400000	-0.000016	-0.000025	-0.708787
2.600000	-0.000018	-0.000025	-0.704040
2.800000	-0.000019	-0.000025	-0.705749
3.000000	-0.000020	-0.000025	-0.708787
3.200000	-0.000022	-0.000025	-0.715812
3.400000	-0.000023	-0.000025	-0.716952
3.600000	-0.000024	-0.000025	-0.719230
3.800000	-0.000026	-0.000025	-0.722838
4.000000	-0.000027	-0.000025	-0.725496
4.200000	-0.000029	-0.000025	-0.727395
4.400000	-0.000030	-0.000025	-0.731003
4.600000	-0.000031	-0.000025	-0.738598
4.800000	-0.000033	-0.000025	-0.741256
5.000000	-0.000034	-0.000025	-0.742206
5.200000	-0.000036	-0.000025	-0.744484
5.400000	-0.000037	-0.000025	-0.746003
5.600000	-0.000038	-0.000025	-0.749801
5.800000	-0.000040	-0.000025	-0.753788
6.000000	-0.000041	-0.000025	-0.760624
6.200000	-0.000042	-0.000025	-0.765371
6.400000	-0.000044	-0.000025	-0.777333
6.600000	-0.000045	-0.000025	-0.785878
6.800000	-0.000047	-0.000025	-0.785688
7.000000	-0.000048	-0.000025	-0.790435
7.200000	-0.000049	-0.000025	-0.793283
7.400000	-0.000051	-0.000025	-0.792713
7.600000	-0.000052	-0.000025	-0.792713
7.800000	-0.000053	-0.000025	-0.794043
8.000000	-0.000055	-0.000025	-0.795752
8.200000	-0.000056	-0.000025	-0.797650
8.400000	-0.000058	-0.000025	-0.799359
8.600000	-0.000059	-0.000025	-0.798600
8.800000	-0.000060	-0.000025	-0.798979
9.000000	-0.000062	-0.000025	-0.803726
9.200000	-0.000063	-0.000025	-0.804486
9.400000	-0.000064	-0.000025	-0.806575
9.600000	-0.000066	-0.000025	-0.809423
9.800000	-0.000067	-0.000025	-0.816448
10.000000	-0.000069	-0.000025	-0.818347
10.200000	-0.000070	-0.000025	-0.820816
10.400000	-0.000071	-0.000025	-0.827082
10.600000	-0.000073	-0.000025	-0.826892
10.800000	-0.000074	-0.000025	-0.829930
11.000000	-0.000076	-0.000025	-0.832208
11.200000	-0.000077	-0.000025	-0.832588
11.400000	-0.000078	-0.000025	-0.835626
11.600000	-0.000080	-0.000025	-0.839044
11.800000	-0.000081	-0.000025	-0.840563
12.000000	-0.000082	-0.000025	-0.842082
12.200000	-0.000084	-0.000025	-0.843791
12.400000	-0.000085	-0.000025	-0.844930
12.600000	-0.000087	-0.000025	-0.846829
12.800000	-0.000088	-0.000025	-0.851006
13.000000	-0.000089	-0.000025	-0.852905
13.200000	-0.000091	-0.000025	-0.853665
13.400000	-0.000092	-0.000025	-0.854994
13.600000	-0.000093	-0.000025	-0.857272
13.800000	-0.000095	-0.000025	-0.858222
14.000000	-0.000096	-0.000025	-0.872463
14.200000	-0.000098	-0.000025	-0.850817
14.400000	-0.000099	-0.000025	-0.852336
14.600000	-0.000100	-0.000025	-0.855753
14.800000	-0.000102	-0.000025	-0.856513
15.000000	-0.000103	-0.000025	-0.858791
15.200000	-0.000104	-0.000025	-0.860880
15.400000	-0.000106	-0.000025	-0.863159
15.600000	-0.000107	-0.000025	-0.865817
15.800000	-0.000109	-0.000025	-0.877400
16.000000	-0.000110	-0.000025	-0.869615
16.200000	-0.000111	-0.000025	-0.871134
16.400000	-0.000113	-0.000025	-0.868475
16.600000	-0.000114	-0.000025	-0.873792
16.800000	-0.000116	-0.000025	-0.877400
17.000000	-0.000117	-0.000025	-0.879678
17.200000	-0.000118	-0.000025	-0.883666
17.400000	-0.000120	-0.000025	-0.883666
17.600000	-0.000121	-0.000025	-0.884805
17.800000	-0.000122	-0.000025	-0.887083
18.000000	-0.000124	-0.000025	-0.899426
18.200000	-0.000125	-0.000025	-0.909109
18.400000	-0.000127	-0.000025	-0.900185
18.600000	-0.000128	-0.000025	-0.903033
18.800000	-0.000129	-0.000025	-0.901894
19.000000	-0.000131	-0.000025	-0.911388
19.200000	-0.000132	-0.000025	-0.919363
19.400000	-0.000133	-0.000025	-0.912527
19.600000	-0.000135	-0.000025	-0.907021
19.800000	-0.000136	-0.000025	-0.917274
20.000000	-0.000138	-0.000025	-0.918983
20.200000	-0.000139	-0.000025	-0.905312
20.400000	-0.000140	-0.000025	-0.899426
20.600000	-0.000142	-0.000025	-0.898286
20.800000	-0.000143	-0.000025	-0.899616
21.000000	-0.000145	-0.000025	-0.900945
21.200000	-0.000146	-0.000025	-0.900565
21.400000	-0.000147	-0.000025	-0.900945
21.600000	-0.000149	-0.000025	-0.901514
21.800000	-0.000150	-0.000025	-0.903033
22.000000	-0.000151	-0.000025	-0.903223
22.200000	-0.000153	-0.000025	-0.907021
22.400000	-0.000154	-0.000025	-0.908350
22.600000	-0.000156	-0.000025	-0.909869
22.800000	-0.000157	-0.000025	-0.910818
23.000000	-0.000158	-0.000025	-0.913667
23.200000	-0.000160	-0.000025	-0.916325
23.400000	-0.000161	-0.000025	-0.917464
23.600000	-0.000162	-0.000025	-0.918793
23.800000	-0.000164	-0.000025	-0.919363
24.000000	-0.000165	-0.000025	-0.921262
24.200000	-0.000167	-0.000025	-0.923540
24.400000	-0.000168	-0.000025	-0.930186
24.600000	-0.000169	-0.000025	-0.933604
24.800000	-0.000171	-0.000025	-0.931705
25.000000	-0.000172	-0.000025	-0.936832
25.200000	-0.000174	-0.000025	-0.938161
25.400000	-0.000175	-0.000025	-0.936262
25.600000	-0.000176	-0.000025	-0.930946
25.800000	-0.000178	-0.000025	-0.930566
26.000000	-0.000179	-0.000025	-0.931515
26.200000	-0.000180	-0.000025	-0.931705
26.400000	-0.000182	-0.000025	-0.932275
26.600000	-0.000183	-0.000025	-0.936072
26.800000	-0.000185	-0.000025	-0.937401
27.000000	-0.000186	-0.000025	-0.959048
27.200000	-0.000187	-0.000025	-0.960187
27.400000	-0.000189	-0.000025	-0.959238
27.600000	-0.000190	-0.000025	-0.958858
27.800000	-0.000191	-0.000025	-0.946136
28.000000	-0.000193	-0.000025	-0.946516
28.200000	-0.000194	-0.000025	-0.948984
28.400000	-0.000196	-0.000025	-0.948794
28.600000	-0.000197	-0.000025	-0.953351
28.800000	-0.000198	-0.000025	-0.953921
29.000000	-0.000200	-0.000025	-0.951642
29.200000	-0.000201	-0.000025	-0.954870
29.400000	-0.000203	-0.000025	-0.956579
29.600000	-0.000204	-0.000025	-0.955440
29.800000	-0.000205	-0.000025	-0.955440
30.000000	-0.000207	-0.000025	-0.956579
30.200000	-0.000208	-0.000025	-0.957529
30.400000	-0.000209	-0.000025	-0.958098
30.600000	-0.000211	-0.000025	-0.960757
30.800000	-0.000212	-0.000025	-0.960567
31.000000	-0.000214	-0.000025	-0.961516
31.200000	-0.000215	-0.000025	-0.961516
31.400000	-0.000216	-0.000025	-0.962086
31.600000	-0.000218	-0.000025	-0.980504
31.800000	-0.000219	-0.000025	-0.978415
32.000000	-0.000220	-0.000025	-0.976137
32.200000	-0.000222	-0.000025	-0.977276
32.400000	-0.000223	-0.000025	-0.976896
32.600000	-0.000225	-0.000025	-0.977276
32.800000	-0.000226	-0.000025	-0.978036
33.000000	-0.000227	-0.000025	-0.974238
33.200000	-0.000229	-0.000025	-0.975377
33.400000	-0.000230	-0.000025	-0.972909
33.600000	-0.000232	-0.000025	-0.976327
33.800000	-0.000233	-0.000025	-0.975757
34.000000	-0.000234	-0.000025	-0.978415
34.200000	-0.000236	-0.000025	-0.979934
34.400000	-0.000237	-0.000025	-0.978226
34.600000	-0.000238	-0.000025	-0.978605
34.800000	-0.000240	-0.000025	-0.991707
35.000000	-0.000241	-0.000025	-0.983542
35.200000	-0.000243	-0.000025	-0.982023
35.400000	-0.000244	-0.000025	-0.980694
35.600000	-0.000245	-0.000025	-0.982403
35.800000	-0.000247	-0.000025	-0.991327
36.000000	-0.000248	-0.000025	-0.995505
36.200000	-0.000249	-0.000025	-0.984492
36.400000	-0.000251	-0.000025	-0.981643
36.600000	-0.000252	-0.000025	-0.990758
36.800000	-0.000254	-0.000025	-1.000250
37.000000	-0.000255	-0.000025	-0.986580
37.200000	-0.000256	-0.000025	-0.978036
37.400000	-0.000258	-0.000025	-0.986390
37.600000	-0.000259	-0.000025	-0.986960
37.800000	-0.000261	-0.000025	-0.979555
38.000000	-0.000262	-0.000025	-0.977656
38.200000	-0.000263	-0.000025	-0.977846
38.400000	-0.000265	-0.000025	-0.975947
38.600000	-0.000266	-0.000025	-0.976137
38.800000	-0.000267	-0.000025	-0.977656
39.000000	-0.000269	-0.000025	-0.977086
39.200000	-0.000270	-0.000025	-0.976896
39.400000	-0.000272	-0.000025	-0.977086
39.600000	-0.000273	-0.000025	-0.976896
39.800000	-0.000274	-0.000025	-0.976706
40.000000	-0.000276	-0.000025	-0.975377
40.200000	-0.000277	-0.000025	-0.975187
40.400000	-0.000279	-0.000025	-0.977846
40.600000	-0.000280	-0.000025	-0.978415
40.800000	-0.000281	-0.000025	-0.978605
41.000000	-0.000283	-0.000025	-0.976517
41.200000	-0.000284	-0.000025	-0.975377
41.400000	-0.000285	-0.000025	-0.974238
41.600000	-0.000287	-0.000025	-0.973479
41.800000	-0.000288	-0.000025	-0.973668
42.000000	-0.000290	-0.000025	-0.972909
42.200000	-0.000291	-0.000025	-0.972909
42.400000	-0.000292	-0.000025	-0.972909
42.600000	-0.000294	-0.000025	-0.972719
42.800000	-0.000295	-0.000025	-0.972909
43.000000	-0.000296	-0.000025	-0.973479
43.200000	-0.000298	-0.000025	-0.974048
43.400000	-0.000299	-0.000025	-0.974428
43.600000	-0.000301	-0.000025	-0.975377
43.800000	-0.000302	-0.000025	-0.976137
44.000000	-0.000303	-0.000025	-0.976517
44.200000	-0.000305	-0.000025	-0.975567
44.400000	-0.000306	-0.000025	-0.975757
44.600000	-0.000308	-0.000025	-0.975757
44.800000	-0.000309	-0.000025	-0.976327
45.000000	-0.000310	-0.000025	-0.976327
45.200000	-0.000312	-0.000025	-0.976706
45.400000	-0.000313	-0.000025	-0.976137
45.600000	-0.000314	-0.000025	-0.976137
45.800000	-0.000316	-0.000025	-0.977276
46.000000	-0.000317	-0.000025	-0.976517
46.200000	-0.000319	-0.000025	-0.976137
46.400000	-0.000320	-0.000025	-0.975567
46.600000	-0.000321	-0.000025	-0.975377
46.800000	-0.000323	-0.000025	-0.975947
47.000000	-0.000324	-0.000025	-0.977086
47.200000	-0.000325	-0.000025	-0.976327
47.400000	-0.000327	-0.000025	-0.975947
47.600000	-0.000328	-0.000025	-0.976327
47.800000	-0.000330	-0.000025	-0.976706
48.000000	-0.000331	-0.000025	-0.976137
48.200000	-0.000332	-0.000025	-0.976517
48.400000	-0.000334	-0.000025	-0.979365
48.600000	-0.000335	-0.000025	-0.978985
48.800000	-0.000337	-0.000025	-0.977466
49.000000	-0.000338	-0.000025	-0.977086
49.200000	-0.000339	-0.000025	-0.977656
49.400000	-0.000341	-0.000025	-0.977656
49.600000	-0.000342	-0.000025	-0.977656
49.800000	-0.000343	-0.000025	-0.976706
50.000000	-0.000345	-0.000025	-0.976137
50.200000	-0.000346	-0.000025	-0.977276
50.400000	-0.000348	-0.000025	-0.977466
50.600000	-0.000349	-0.000025	-0.978226
50.800000	-0.000350	-0.000025	-0.978036
51.000000	-0.000352	-0.000025	-0.978226
51.200000	-0.000353	-0.000025	-0.976896
51.400000	-0.000354	-0.000025	-0.977276
51.600000	-0.000356	-0.000025	-0.976137
51.800000	-0.000357	-0.000025	-0.975947
52.000000	-0.000359	-0.000025	-0.976327
52.200000	-0.000360	-0.000025	-0.977086
52.400000	-0.000361	-0.000025	-0.977086
52.600000	-0.000363	-0.000025	-0.976517
52.800000	-0.000364	-0.000025	-0.977276
53.000000	-0.000366	-0.000025	-0.977846
53.200000	-0.000367	-0.000025	-0.977276
53.400000	-0.000368	-0.000025	-0.977466
53.600000	-0.000370	-0.000025	-0.975187
53.800000	-0.000371	-0.000025	-0.974998
54.000000	-0.000372	-0.000025	-0.975377
54.200000	-0.000374	-0.000025	-0.975757
54.400000	-0.000375	-0.000025	-0.976327
54.600000	-0.000377	-0.000025	-0.975757
54.800000	-0.000378	-0.000025	-0.975757
55.000000	-0.000379	-0.000025	-0.975757
55.200000	-0.000381	-0.000025	-0.975757
55.400000	-0.000382	-0.000025	-0.975757
55.600000	-0.000383	-0.000025	-0.975567
55.800000	-0.000385	-0.000025	-0.975757
56.000000	-0.000386	-0.000025	-0.975187
56.200000	-0.000388	-0.000025	-0.975187
56.400000	-0.000389	-0.000025	-0.975187
56.600000	-0.000390	-0.000025	-0.974808
56.800000	-0.000392	-0.000025	-0.975187
57.000000	-0.000393	-0.000025	-0.975187
57.200000	-0.000395	-0.000025	-0.974998
57.400000	-0.000396	-0.000025	-0.975187
57.600000	-0.000397	-0.000025	-0.974618
57.800000	-0.000399	-0.000025	-0.974998
58.000000	-0.000400	-0.000025	-0.975187
58.200000	-0.000401	-0.000025	-0.975187
58.400000	-0.000403	-0.000025	-0.974428
58.600000	-0.000404	-0.000025	-0.974428
58.800000	-0.000406	-0.000025	-0.975187
59.000000	-0.000407	-0.000025	-0.974808
59.200000	-0.000408	-0.000025	-0.974618
59.400000	-0.000410	-0.000025	-0.974428
59.600000	-0.000411	-0.000025	-0.974808
59.800000	-0.000412	-0.000025	-0.974808
60.000000	-0.000414	-0.000025	-0.974618
60.200000	-0.000415	-0.000025	-0.973668
60.400000	-0.000417	-0.000025	-0.972909
60.600000	-0.000418	-0.000025	-0.973099
60.800000	-0.000419	-0.000025	-0.972529
61.000000	-0.000421	-0.000025	-0.972529
61.200000	-0.000422	-0.000025	-0.971580
61.400000	-0.000424	-0.000025	-0.971010
61.600000	-0.000425	-0.000025	-0.970440
61.800000	-0.000426	-0.000025	-0.971390
62.000000	-0.000428	-0.000025	-0.971010
62.200000	-0.000429	-0.000025	-0.971010
62.400000	-0.000430	-0.000025	-0.970630
62.600000	-0.000432	-0.000025	-0.970820
62.800000	-0.000433	-0.000025	-0.971580
63.000000	-0.000435	-0.000025	-0.970820
63.200000	-0.000436	-0.000025	-0.969871
63.400000	-0.000437	-0.000025	-0.969871
63.600000	-0.000439	-0.000025	-0.970440
63.800000	-0.000440	-0.000025	-0.968921
64.000000	-0.000441	-0.000025	-0.967972
64.200000	-0.000443	-0.000025	-0.968352
64.400000	-0.000444	-0.000025	-0.968732
64.600000	-0.000446	-0.000025	-0.968352
64.800000	-0.000447	-0.000025	-0.969301
65.000000	-0.000448	-0.000025	-0.970820
65.200000	-0.000450	-0.000025	-0.970820
65.400000	-0.000451	-0.000025	-0.967972
65.600000	-0.000453	-0.000025	-0.967972
65.800000	-0.000454	-0.000025	-0.967023
66.000000	-0.000455	-0.000025	-0.967023
66.200000	-0.000457	-0.000025	-0.967782
66.400000	-0.000458	-0.000025	-0.967782
66.600000	-0.000459	-0.000025	-0.966263
66.800000	-0.000461	-0.000025	-0.967972
