time	charge	amps	volts
1.000000	-0.000014	-0.000050	-3.478370
2.000000	-0.000028	-0.000050	-3.536850
3.000000	-0.000041	-0.000050	-3.575770
4.000000	-0.000055	-0.000050	-3.608240
5.000000	-0.000069	-0.000050	-3.636540
6.000000	-0.000083	-0.000050	-3.660650
7.000000	-0.000097	-0.000050	-3.682870
8.000000	-0.000111	-0.000050	-3.701850
9.000000	-0.000125	-0.000050	-3.717230
10.000000	-0.000139	-0.000050	-3.729770
11.000000	-0.000153	-0.000050	-3.740970
12.000000	-0.000166	-0.000050	-3.751220
13.000000	-0.000180	-0.000050	-3.759580
14.000000	-0.000194	-0.000050	-3.765840
15.000000	-0.000208	-0.000050	-3.771160
16.000000	-0.000222	-0.000050	-3.776670
17.000000	-0.000236	-0.000050	-3.780270
18.000000	-0.000250	-0.000050	-3.784070
19.000000	-0.000264	-0.000050	-3.787300
20.000000	-0.000278	-0.000050	-3.791100
21.000000	-0.000291	-0.000050	-3.793760
22.000000	-0.000305	-0.000050	-3.794890
23.000000	-0.000319	-0.000050	-3.797930
24.000000	-0.000333	-0.000050	-3.799830
25.000000	-0.000347	-0.000050	-3.801540
26.000000	-0.000361	-0.000050	-3.803060
27.000000	-0.000375	-0.000050	-3.804390
28.000000	-0.000389	-0.000050	-3.805530
29.000000	-0.000403	-0.000050	-3.805150
30.000000	-0.000417	-0.000050	-3.806290
31.000000	-0.000430	-0.000050	-3.807240
32.000000	-0.000444	-0.000050	-3.808000
33.000000	-0.000458	-0.000050	-3.808950
34.000000	-0.000472	-0.000050	-3.809710
35.000000	-0.000486	-0.000050	-3.810270
36.000000	-0.000500	-0.000050	-3.811220
37.000000	-0.000514	-0.000050	-3.811790
38.000000	-0.000528	-0.000050	-3.812170
39.000000	-0.000542	-0.000050	-3.812550
40.000000	-0.000556	-0.000050	-3.813310
41.000000	-0.000569	-0.000050	-3.813690
42.000000	-0.000583	-0.000050	-3.814260
43.000000	-0.000597	-0.000050	-3.814070
44.000000	-0.000611	-0.000050	-3.813880
45.000000	-0.000625	-0.000050	-3.814260
46.000000	-0.000639	-0.000050	-3.815400
47.000000	-0.000653	-0.000050	-3.815970
48.000000	-0.000667	-0.000050	-3.817110
49.000000	-0.000681	-0.000050	-3.817680
50.000000	-0.000695	-0.000050	-3.817870
51.000000	-0.000708	-0.000050	-3.817680
52.000000	-0.000722	-0.000050	-3.818060
53.000000	-0.000736	-0.000050	-3.818060
54.000000	-0.000750	-0.000050	-3.818630
55.000000	-0.000764	-0.000050	-3.819010
56.000000	-0.000778	-0.000050	-3.819580
57.000000	-0.000792	-0.000050	-3.820150
58.000000	-0.000806	-0.000050	-3.820530
59.000000	-0.000820	-0.000050	-3.820910
60.000000	-0.000833	-0.000050	-3.821480
61.000000	-0.000847	-0.000050	-3.822050
62.000000	-0.000861	-0.000050	-3.822810
63.000000	-0.000875	-0.000050	-3.823190
64.000000	-0.000889	-0.000050	-3.823380
65.000000	-0.000903	-0.000050	-3.823760
66.000000	-0.000917	-0.000050	-3.823190
67.000000	-0.000931	-0.000050	-3.822810
68.000000	-0.000945	-0.000050	-3.822810
69.000000	-0.000959	-0.000050	-3.822240
70.000000	-0.000972	-0.000050	-3.821290
71.000000	-0.000986	-0.000050	-3.819960
72.000000	-0.001000	-0.000050	-3.818630
73.000000	-0.001014	-0.000050	-3.817870
74.000000	-0.001028	-0.000050	-3.817870
75.000000	-0.001042	-0.000050	-3.817680
76.000000	-0.001056	-0.000050	-3.817300
77.000000	-0.001070	-0.000050	-3.817300
78.000000	-0.001084	-0.000050	-3.817490
79.000000	-0.001098	-0.000050	-3.817490
80.000000	-0.001111	-0.000050	-3.817490
81.000000	-0.001125	-0.000050	-3.817300
82.000000	-0.001139	-0.000050	-3.817110
83.000000	-0.001153	-0.000050	-3.816730
84.000000	-0.001167	-0.000050	-3.816920
85.000000	-0.001181	-0.000050	-3.817110
86.000000	-0.001195	-0.000050	-3.817110
87.000000	-0.001209	-0.000050	-3.817680
88.000000	-0.001223	-0.000050	-3.817490
89.000000	-0.001236	-0.000050	-3.817490
90.000000	-0.001250	-0.000050	-3.817870
91.000000	-0.001264	-0.000050	-3.817870
92.000000	-0.001278	-0.000050	-3.818060
93.000000	-0.001292	-0.000050	-3.818250
94.000000	-0.001306	-0.000050	-3.818060
95.000000	-0.001320	-0.000050	-3.818250
96.000000	-0.001334	-0.000050	-3.818440
97.000000	-0.001348	-0.000050	-3.818630
98.000000	-0.001362	-0.000050	-3.818630
99.000000	-0.001375	-0.000050	-3.818440
100.000000	-0.001389	-0.000050	-3.818250
101.000000	-0.001403	-0.000050	-3.818250
102.000000	-0.001417	-0.000050	-3.818060
103.000000	-0.001431	-0.000050	-3.817680
104.000000	-0.001445	-0.000050	-3.816540
105.000000	-0.001459	-0.000050	-3.815210
106.000000	-0.001473	-0.000050	-3.815020
107.000000	-0.001487	-0.000050	-3.814640
108.000000	-0.001501	-0.000050	-3.814640
109.000000	-0.001514	-0.000050	-3.813690
110.000000	-0.001528	-0.000050	-3.812550
111.000000	-0.001542	-0.000050	-3.812550
112.000000	-0.001556	-0.000050	-3.812360
113.000000	-0.001570	-0.000050	-3.812360
114.000000	-0.001584	-0.000050	-3.812170
115.000000	-0.001598	-0.000050	-3.811980
116.000000	-0.001612	-0.000050	-3.811980
117.000000	-0.001626	-0.000050	-3.811980
118.000000	-0.001640	-0.000050	-3.811980
119.000000	-0.001653	-0.000050	-3.812360
120.000000	-0.001667	-0.000050	-3.812170
121.000000	-0.001681	-0.000050	-3.811220
122.000000	-0.001695	-0.000050	-3.811220
123.000000	-0.001709	-0.000050	-3.811220
124.000000	-0.001723	-0.000050	-3.811030
125.000000	-0.001737	-0.000050	-3.810460
126.000000	-0.001751	-0.000050	-3.810460
127.000000	-0.001765	-0.000050	-3.810270
128.000000	-0.001778	-0.000050	-3.809710
129.000000	-0.001792	-0.000050	-3.808760
130.000000	-0.001806	-0.000050	-3.807810
131.000000	-0.001820	-0.000050	-3.806860
132.000000	-0.001834	-0.000050	-3.806290
133.000000	-0.001848	-0.000050	-3.806100
134.000000	-0.001862	-0.000050	-3.805910
135.000000	-0.001876	-0.000050	-3.805720
136.000000	-0.001890	-0.000050	-3.805910
137.000000	-0.001904	-0.000050	-3.805910
138.000000	-0.001917	-0.000050	-3.805720
139.000000	-0.001931	-0.000050	-3.805530
140.000000	-0.001945	-0.000050	-3.805340
141.000000	-0.001959	-0.000050	-3.804770
142.000000	-0.001973	-0.000050	-3.814070
143.000000	-0.001987	-0.000050	-3.826600
144.000000	-0.002001	-0.000050	-3.833060
145.000000	-0.002015	-0.000050	-3.829830
146.000000	-0.002029	-0.000050	-3.824520
147.000000	-0.002043	-0.000050	-3.819580
148.000000	-0.002056	-0.000050	-3.815400
149.000000	-0.002070	-0.000050	-3.810650
150.000000	-0.002084	-0.000050	-3.806290
151.000000	-0.002098	-0.000050	-3.802300
152.000000	-0.002112	-0.000050	-3.798310
153.000000	-0.002126	-0.000050	-3.794700
154.000000	-0.002140	-0.000050	-3.791480
155.000000	-0.002154	-0.000050	-3.788440
156.000000	-0.002168	-0.000050	-3.785400
157.000000	-0.002181	-0.000050	-3.783120
158.000000	-0.002195	-0.000050	-3.781030
159.000000	-0.002209	-0.000050	-3.779510
160.000000	-0.002223	-0.000050	-3.777810
161.000000	-0.002237	-0.000050	-3.776100
162.000000	-0.002251	-0.000050	-3.774770
163.000000	-0.002265	-0.000050	-3.773440
164.000000	-0.002279	-0.000050	-3.771920
165.000000	-0.002293	-0.000050	-3.770210
166.000000	-0.002307	-0.000050	-3.769070
167.000000	-0.002320	-0.000050	-3.767930
168.000000	-0.002334	-0.000050	-3.767170
169.000000	-0.002348	-0.000050	-3.766790
170.000000	-0.002362	-0.000050	-3.766030
171.000000	-0.002376	-0.000050	-3.765270
172.000000	-0.002390	-0.000050	-3.764510
173.000000	-0.002404	-0.000050	-3.763940
174.000000	-0.002418	-0.000050	-3.763180
175.000000	-0.002432	-0.000050	-3.762620
176.000000	-0.002446	-0.000050	-3.761860
177.000000	-0.002459	-0.000050	-3.761290
178.000000	-0.002473	-0.000050	-3.760530
179.000000	-0.002487	-0.000050	-3.760150
180.000000	-0.002501	-0.000050	-3.751220
181.000000	-0.002515	-0.000050	-3.759010
182.000000	-0.002529	-0.000050	-3.758630
183.000000	-0.002543	-0.000050	-3.757870
184.000000	-0.002557	-0.000050	-3.757490
185.000000	-0.002571	-0.000050	-3.756920
186.000000	-0.002585	-0.000050	-3.756350
187.000000	-0.002598	-0.000050	-3.755780
188.000000	-0.002612	-0.000050	-3.755210
189.000000	-0.002626	-0.000050	-3.754640
190.000000	-0.002640	-0.000050	-3.754260
191.000000	-0.002654	-0.000050	-3.753690
192.000000	-0.002668	-0.000050	-3.753500
193.000000	-0.002682	-0.000050	-3.753310
194.000000	-0.002696	-0.000050	-3.753120
195.000000	-0.002710	-0.000050	-3.752740
196.000000	-0.002723	-0.000050	-3.752360
197.000000	-0.002737	-0.000050	-3.752360
198.000000	-0.002751	-0.000050	-3.752170
199.000000	-0.002765	-0.000050	-3.751980
200.000000	-0.002779	-0.000050	-3.751600
201.000000	-0.002793	-0.000050	-3.751410
202.000000	-0.002807	-0.000050	-3.751030
203.000000	-0.002821	-0.000050	-3.750840
204.000000	-0.002835	-0.000050	-3.750460
205.000000	-0.002849	-0.000050	-3.750080
206.000000	-0.002862	-0.000050	-3.749700
207.000000	-0.002876	-0.000050	-3.749510
208.000000	-0.002890	-0.000050	-3.749130
209.000000	-0.002904	-0.000050	-3.748750
210.000000	-0.002918	-0.000050	-3.748940
211.000000	-0.002932	-0.000050	-3.748370
212.000000	-0.002946	-0.000050	-3.747990
213.000000	-0.002960	-0.000050	-3.747990
214.000000	-0.002974	-0.000050	-3.747800
215.000000	-0.002988	-0.000050	-3.747610
216.000000	-0.003001	-0.000050	-3.747420
217.000000	-0.003015	-0.000050	-3.747230
218.000000	-0.003029	-0.000050	-3.746860
219.000000	-0.003043	-0.000050	-3.746860
220.000000	-0.003057	-0.000050	-3.746670
221.000000	-0.003071	-0.000050	-3.746480
222.000000	-0.003085	-0.000050	-3.746100
223.000000	-0.003099	-0.000050	-3.745910
224.000000	-0.003113	-0.000050	-3.745720
225.000000	-0.003126	-0.000050	-3.745720
226.000000	-0.003140	-0.000050	-3.745530
227.000000	-0.003154	-0.000050	-3.745530
228.000000	-0.003168	-0.000050	-3.745340
229.000000	-0.003182	-0.000050	-3.745150
230.000000	-0.003196	-0.000050	-3.744960
231.000000	-0.003210	-0.000050	-3.744770
232.000000	-0.003224	-0.000050	-3.744770
233.000000	-0.003238	-0.000050	-3.744390
234.000000	-0.003252	-0.000050	-3.743630
235.000000	-0.003265	-0.000050	-3.741920
236.000000	-0.003279	-0.000050	-3.740970
237.000000	-0.003293	-0.000050	-3.740400
238.000000	-0.003307	-0.000050	-3.740210
239.000000	-0.003321	-0.000050	-3.740020
240.000000	-0.003335	-0.000050	-3.739830
241.000000	-0.003349	-0.000050	-3.739830
242.000000	-0.003363	-0.000050	-3.739640
243.000000	-0.003377	-0.000050	-3.739640
244.000000	-0.003391	-0.000050	-3.739640
245.000000	-0.003404	-0.000050	-3.739830
246.000000	-0.003418	-0.000050	-3.740020
247.000000	-0.003432	-0.000050	-3.740400
248.000000	-0.003446	-0.000050	-3.740590
249.000000	-0.003460	-0.000050	-3.740590
250.000000	-0.003474	-0.000050	-3.740970
251.000000	-0.003488	-0.000050	-3.741350
252.000000	-0.003502	-0.000050	-3.741730
253.000000	-0.003516	-0.000050	-3.742110
254.000000	-0.003529	-0.000050	-3.742490
255.000000	-0.003543	-0.000050	-3.742680
256.000000	-0.003557	-0.000050	-3.743060
257.000000	-0.003571	-0.000050	-3.743250
258.000000	-0.003585	-0.000050	-3.743440
259.000000	-0.003599	-0.000050	-3.743820
260.000000	-0.003613	-0.000050	-3.744010
261.000000	-0.003627	-0.000050	-3.744200
262.000000	-0.003641	-0.000050	-3.744580
263.000000	-0.003655	-0.000050	-3.744960
264.000000	-0.003668	-0.000050	-3.745530
265.000000	-0.003682	-0.000050	-3.746100
266.000000	-0.003696	-0.000050	-3.746480
267.000000	-0.003710	-0.000050	-3.747050
268.000000	-0.003724	-0.000050	-3.747610
269.000000	-0.003738	-0.000050	-3.748180
270.000000	-0.003752	-0.000050	-3.748940
271.000000	-0.003766	-0.000050	-3.749510
272.000000	-0.003780	-0.000050	-3.750080
273.000000	-0.003794	-0.000050	-3.750650
274.000000	-0.003807	-0.000050	-3.751220
275.000000	-0.003821	-0.000050	-3.751790
276.000000	-0.003835	-0.000050	-3.752360
277.000000	-0.003849	-0.000050	-3.752930
278.000000	-0.003863	-0.000050	-3.753500
279.000000	-0.003877	-0.000050	-3.753690
280.000000	-0.003891	-0.000050	-3.754070
281.000000	-0.003905	-0.000050	-3.754070
282.000000	-0.003919	-0.000050	-3.754450
283.000000	-0.003933	-0.000050	-3.753500
284.000000	-0.003946	-0.000050	-3.753120
285.000000	-0.003960	-0.000050	-3.753120
286.000000	-0.003974	-0.000050	-3.752930
287.000000	-0.003988	-0.000050	-3.753120
288.000000	-0.004002	-0.000050	-3.752930
289.000000	-0.004016	-0.000050	-3.753120
290.000000	-0.004030	-0.000050	-3.753120
291.000000	-0.004044	-0.000050	-3.753120
292.000000	-0.004058	-0.000050	-3.752930
293.000000	-0.004071	-0.000050	-3.752930
294.000000	-0.004085	-0.000050	-3.752740
295.000000	-0.004099	-0.000050	-3.752740
296.000000	-0.004113	-0.000050	-3.752740
297.000000	-0.004127	-0.000050	-3.752550
298.000000	-0.004141	-0.000050	-3.752170
299.000000	-0.004155	-0.000050	-3.752170
300.000000	-0.004169	-0.000050	-3.751980
301.000000	-0.004183	-0.000050	-3.751790
302.000000	-0.004197	-0.000050	-3.751600
303.000000	-0.004210	-0.000050	-3.751220
304.000000	-0.004224	-0.000050	-3.750650
305.000000	-0.004238	-0.000050	-3.750270
306.000000	-0.004252	-0.000050	-3.742110
307.000000	-0.004266	-0.000050	-3.741160
308.000000	-0.004280	-0.000050	-3.740210
309.000000	-0.004294	-0.000050	-3.736980
310.000000	-0.004308	-0.000050	-3.736220
311.000000	-0.004322	-0.000050	-3.735650
312.000000	-0.004336	-0.000050	-3.735080
313.000000	-0.004349	-0.000050	-3.734700
314.000000	-0.004363	-0.000050	-3.734320
315.000000	-0.004377	-0.000050	-3.733750
316.000000	-0.004391	-0.000050	-3.733370
317.000000	-0.004405	-0.000050	-3.732990
318.000000	-0.004419	-0.000050	-3.732040
319.000000	-0.004433	-0.000050	-3.731470
320.000000	-0.004447	-0.000050	-3.730720
321.000000	-0.004461	-0.000050	-3.729960
322.000000	-0.004474	-0.000050	-3.729390
323.000000	-0.004488	-0.000050	-3.728630
324.000000	-0.004502	-0.000050	-3.727870
325.000000	-0.004516	-0.000050	-3.727110
326.000000	-0.004530	-0.000050	-3.726730
327.000000	-0.004544	-0.000050	-3.726160
328.000000	-0.004558	-0.000050	-3.725970
329.000000	-0.004572	-0.000050	-3.725400
330.000000	-0.004586	-0.000050	-3.724640
331.000000	-0.004600	-0.000050	-3.724260
332.000000	-0.004613	-0.000050	-3.724070
333.000000	-0.004627	-0.000050	-3.723880
334.000000	-0.004641	-0.000050	-3.723690
335.000000	-0.004655	-0.000050	-3.723500
336.000000	-0.004669	-0.000050	-3.723120
337.000000	-0.004683	-0.000050	-3.722930
338.000000	-0.004697	-0.000050	-3.722740
339.000000	-0.004711	-0.000050	-3.722740
340.000000	-0.004725	-0.000050	-3.722550
341.000000	-0.004739	-0.000050	-3.722550
342.000000	-0.004752	-0.000050	-3.722360
343.000000	-0.004766	-0.000050	-3.721980
344.000000	-0.004780	-0.000050	-3.721790
345.000000	-0.004794	-0.000050	-3.721600
346.000000	-0.004808	-0.000050	-3.721600
347.000000	-0.004822	-0.000050	-3.721790
348.000000	-0.004836	-0.000050	-3.720270
349.000000	-0.004850	-0.000050	-3.720080
350.000000	-0.004864	-0.000050	-3.718940
351.000000	-0.004878	-0.000050	-3.718370
352.000000	-0.004891	-0.000050	-3.719510
353.000000	-0.004905	-0.000050	-3.719700
354.000000	-0.004919	-0.000050	-3.719700
355.000000	-0.004933	-0.000050	-3.721030
356.000000	-0.004947	-0.000050	-3.721600
357.000000	-0.004961	-0.000050	-3.721790
358.000000	-0.004975	-0.000050	-3.722360
359.000000	-0.004989	-0.000050	-3.722740
360.000000	-0.005003	-0.000050	-3.723120
361.000000	-0.005016	-0.000050	-3.723500
362.000000	-0.005030	-0.000050	-3.723880
363.000000	-0.005044	-0.000050	-3.724260
364.000000	-0.005058	-0.000050	-3.724640
365.000000	-0.005072	-0.000050	-3.725020
366.000000	-0.005086	-0.000050	-3.725210
367.000000	-0.005100	-0.000050	-3.725590
368.000000	-0.005114	-0.000050	-3.726160
369.000000	-0.005128	-0.000050	-3.726540
370.000000	-0.005142	-0.000050	-3.727110
371.000000	-0.005155	-0.000050	-3.727300
372.000000	-0.005169	-0.000050	-3.727680
373.000000	-0.005183	-0.000050	-3.727870
374.000000	-0.005197	-0.000050	-3.728440
375.000000	-0.005211	-0.000050	-3.728820
376.000000	-0.005225	-0.000050	-3.729390
377.000000	-0.005239	-0.000050	-3.729580
378.000000	-0.005253	-0.000050	-3.729770
379.000000	-0.005267	-0.000050	-3.730340
380.000000	-0.005281	-0.000050	-3.730530
381.000000	-0.005294	-0.000050	-3.730910
382.000000	-0.005308	-0.000050	-3.731290
383.000000	-0.005322	-0.000050	-3.731470
384.000000	-0.005336	-0.000050	-3.731850
385.000000	-0.005350	-0.000050	-3.731290
386.000000	-0.005364	-0.000050	-3.732040
387.000000	-0.005378	-0.000050	-3.732610
388.000000	-0.005392	-0.000050	-3.732990
389.000000	-0.005406	-0.000050	-3.733370
390.000000	-0.005419	-0.000050	-3.733370
391.000000	-0.005433	-0.000050	-3.734130
392.000000	-0.005447	-0.000050	-3.734890
393.000000	-0.005461	-0.000050	-3.735460
394.000000	-0.005475	-0.000050	-3.735840
395.000000	-0.005489	-0.000050	-3.736220
396.000000	-0.005503	-0.000050	-3.736790
397.000000	-0.005517	-0.000050	-3.737170
398.000000	-0.005531	-0.000050	-3.737550
399.000000	-0.005545	-0.000050	-3.738120
400.000000	-0.005558	-0.000050	-3.738500
401.000000	-0.005572	-0.000050	-3.738880
402.000000	-0.005586	-0.000050	-3.739450
403.000000	-0.005600	-0.000050	-3.740020
404.000000	-0.005614	-0.000050	-3.740400
405.000000	-0.005628	-0.000050	-3.740970
406.000000	-0.005642	-0.000050	-3.741350
407.000000	-0.005656	-0.000050	-3.741730
408.000000	-0.005670	-0.000050	-3.738880
409.000000	-0.005684	-0.000050	-3.737170
410.000000	-0.005697	-0.000050	-3.736980
411.000000	-0.005711	-0.000050	-3.736980
412.000000	-0.005725	-0.000050	-3.737170
413.000000	-0.005739	-0.000050	-3.737360
414.000000	-0.005753	-0.000050	-3.737360
415.000000	-0.005767	-0.000050	-3.737360
416.000000	-0.005781	-0.000050	-3.737360
417.000000	-0.005795	-0.000050	-3.736980
418.000000	-0.005809	-0.000050	-3.736980
419.000000	-0.005823	-0.000050	-3.736980
420.000000	-0.005836	-0.000050	-3.737170
421.000000	-0.005850	-0.000050	-3.737170
422.000000	-0.005864	-0.000050	-3.737170
423.000000	-0.005878	-0.000050	-3.736980
424.000000	-0.005892	-0.000050	-3.737170
425.000000	-0.005906	-0.000050	-3.736980
426.000000	-0.005920	-0.000050	-3.736980
427.000000	-0.005934	-0.000050	-3.737170
428.000000	-0.005948	-0.000050	-3.736980
429.000000	-0.005961	-0.000050	-3.736790
430.000000	-0.005975	-0.000050	-3.736790
431.000000	-0.005989	-0.000050	-3.736980
432.000000	-0.006003	-0.000050	-3.736980
433.000000	-0.006017	-0.000050	-3.736790
434.000000	-0.006031	-0.000050	-3.736790
435.000000	-0.006045	-0.000050	-3.736980
436.000000	-0.006059	-0.000050	-3.736980
437.000000	-0.006073	-0.000050	-3.737170
438.000000	-0.006087	-0.000050	-3.737550
439.000000	-0.006100	-0.000050	-3.737740
440.000000	-0.006114	-0.000050	-3.737930
441.000000	-0.006128	-0.000050	-3.738120
442.000000	-0.006142	-0.000050	-3.738500
443.000000	-0.006156	-0.000050	-3.738690
444.000000	-0.006170	-0.000050	-3.738880
445.000000	-0.006184	-0.000050	-3.739260
446.000000	-0.006198	-0.000050	-3.739260
447.000000	-0.006212	-0.000050	-3.738880
448.000000	-0.006226	-0.000050	-3.739070
449.000000	-0.006239	-0.000050	-3.739260
450.000000	-0.006253	-0.000050	-3.739640
451.000000	-0.006267	-0.000050	-3.740020
452.000000	-0.006281	-0.000050	-3.740020
453.000000	-0.006295	-0.000050	-3.740210
454.000000	-0.006309	-0.000050	-3.740400
455.000000	-0.006323	-0.000050	-3.740400
456.000000	-0.006337	-0.000050	-3.740590
457.000000	-0.006351	-0.000050	-3.741350
458.000000	-0.006364	-0.000050	-3.741730
459.000000	-0.006378	-0.000050	-3.741920
460.000000	-0.006392	-0.000050	-3.741920
461.000000	-0.006406	-0.000050	-3.741160
462.000000	-0.006420	-0.000050	-3.741540
463.000000	-0.006434	-0.000050	-3.740970
464.000000	-0.006448	-0.000050	-3.741920
465.000000	-0.006462	-0.000050	-3.741920
466.000000	-0.006476	-0.000050	-3.741920
467.000000	-0.006490	-0.000050	-3.741920
468.000000	-0.006503	-0.000050	-3.741920
469.000000	-0.006517	-0.000050	-3.741920
470.000000	-0.006531	-0.000050	-3.741730
471.000000	-0.006545	-0.000050	-3.741920
472.000000	-0.006559	-0.000050	-3.741920
473.000000	-0.006573	-0.000050	-3.741920
474.000000	-0.006587	-0.000050	-3.741920
475.000000	-0.006601	-0.000050	-3.741920
476.000000	-0.006615	-0.000050	-3.742110
477.000000	-0.006629	-0.000050	-3.741540
478.000000	-0.006642	-0.000050	-3.741730
479.000000	-0.006656	-0.000050	-3.741730
480.000000	-0.006670	-0.000050	-3.741160
481.000000	-0.006684	-0.000050	-3.741160
482.000000	-0.006698	-0.000050	-3.740970
483.000000	-0.006712	-0.000050	-3.740210
484.000000	-0.006726	-0.000050	-3.739450
485.000000	-0.006740	-0.000050	-3.738880
486.000000	-0.006754	-0.000050	-3.738120
487.000000	-0.006767	-0.000050	-3.738310
488.000000	-0.006781	-0.000050	-3.738500
489.000000	-0.006795	-0.000050	-3.738880
490.000000	-0.006809	-0.000050	-3.739070
491.000000	-0.006823	-0.000050	-3.739450
492.000000	-0.006837	-0.000050	-3.739640
493.000000	-0.006851	-0.000050	-3.739450
494.000000	-0.006865	-0.000050	-3.738690
495.000000	-0.006879	-0.000050	-3.738690
496.000000	-0.006893	-0.000050	-3.739640
497.000000	-0.006906	-0.000050	-3.740400
498.000000	-0.006920	-0.000050	-3.740590
499.000000	-0.006934	-0.000050	-3.740970
500.000000	-0.006948	-0.000050	-3.740400
501.000000	-0.006962	-0.000050	-3.738690
502.000000	-0.006976	-0.000050	-3.727110
503.000000	-0.006990	-0.000050	-3.711920
504.000000	-0.007004	-0.000050	-3.710400
505.000000	-0.007018	-0.000050	-3.709830
506.000000	-0.007032	-0.000050	-3.710020
507.000000	-0.007045	-0.000050	-3.709640
508.000000	-0.007059	-0.000050	-3.709640
509.000000	-0.007073	-0.000050	-3.710020
510.000000	-0.007087	-0.000050	-3.710210
511.000000	-0.007101	-0.000050	-3.710210
512.000000	-0.007115	-0.000050	-3.710400
513.000000	-0.007129	-0.000050	-3.710400
514.000000	-0.007143	-0.000050	-3.709830
515.000000	-0.007157	-0.000050	-3.709450
516.000000	-0.007171	-0.000050	-3.708880
517.000000	-0.007184	-0.000050	-3.708690
518.000000	-0.007198	-0.000050	-3.708500
519.000000	-0.007212	-0.000050	-3.708310
520.000000	-0.007226	-0.000050	-3.707740
521.000000	-0.007240	-0.000050	-3.707360
522.000000	-0.007254	-0.000050	-3.706790
523.000000	-0.007268	-0.000050	-3.705840
524.000000	-0.007282	-0.000050	-3.705080
525.000000	-0.007296	-0.000050	-3.704700
526.000000	-0.007309	-0.000050	-3.704130
527.000000	-0.007323	-0.000050	-3.703560
528.000000	-0.007337	-0.000050	-3.703180
529.000000	-0.007351	-0.000050	-3.702800
530.000000	-0.007365	-0.000050	-3.702420
531.000000	-0.007379	-0.000050	-3.702040
532.000000	-0.007393	-0.000050	-3.701470
533.000000	-0.007407	-0.000050	-3.701090
534.000000	-0.007421	-0.000050	-3.700710
535.000000	-0.007435	-0.000050	-3.700330
536.000000	-0.007448	-0.000050	-3.699770
537.000000	-0.007462	-0.000050	-3.699010
538.000000	-0.007476	-0.000050	-3.698440
539.000000	-0.007490	-0.000050	-3.698060
540.000000	-0.007504	-0.000050	-3.697680
541.000000	-0.007518	-0.000050	-3.697490
542.000000	-0.007532	-0.000050	-3.696920
543.000000	-0.007546	-0.000050	-3.696540
544.000000	-0.007560	-0.000050	-3.696160
545.000000	-0.007574	-0.000050	-3.690270
546.000000	-0.007587	-0.000050	-3.689890
547.000000	-0.007601	-0.000050	-3.688560
548.000000	-0.007615	-0.000050	-3.688940
549.000000	-0.007629	-0.000050	-3.688940
550.000000	-0.007643	-0.000050	-3.688750
551.000000	-0.007657	-0.000050	-3.688750
552.000000	-0.007671	-0.000050	-3.685330
553.000000	-0.007685	-0.000050	-3.686660
554.000000	-0.007699	-0.000050	-3.687610
555.000000	-0.007712	-0.000050	-3.688180
556.000000	-0.007726	-0.000050	-3.688750
557.000000	-0.007740	-0.000050	-3.689130
558.000000	-0.007754	-0.000050	-3.689320
559.000000	-0.007768	-0.000050	-3.689510
560.000000	-0.007782	-0.000050	-3.689510
561.000000	-0.007796	-0.000050	-3.689510
562.000000	-0.007810	-0.000050	-3.689510
563.000000	-0.007824	-0.000050	-3.689320
564.000000	-0.007838	-0.000050	-3.689130
565.000000	-0.007851	-0.000050	-3.689130
566.000000	-0.007865	-0.000050	-3.688940
567.000000	-0.007879	-0.000050	-3.688560
568.000000	-0.007893	-0.000050	-3.688370
569.000000	-0.007907	-0.000050	-3.688180
570.000000	-0.007921	-0.000050	-3.687990
571.000000	-0.007935	-0.000050	-3.689130
572.000000	-0.007949	-0.000050	-3.689130
573.000000	-0.007963	-0.000050	-3.688940
574.000000	-0.007977	-0.000050	-3.688560
575.000000	-0.007990	-0.000050	-3.687800
576.000000	-0.008004	-0.000050	-3.687420
577.000000	-0.008018	-0.000050	-3.687230
578.000000	-0.008032	-0.000050	-3.687040
579.000000	-0.008046	-0.000050	-3.687040
580.000000	-0.008060	-0.000050	-3.686850
581.000000	-0.008074	-0.000050	-3.686470
582.000000	-0.008088	-0.000050	-3.686280
583.000000	-0.008102	-0.000050	-3.685710
584.000000	-0.008116	-0.000050	-3.685330
585.000000	-0.008129	-0.000050	-3.684950
586.000000	-0.008143	-0.000050	-3.684760
587.000000	-0.008157	-0.000050	-3.684380
588.000000	-0.008171	-0.000050	-3.684010
589.000000	-0.008185	-0.000050	-3.683630
590.000000	-0.008199	-0.000050	-3.683250
591.000000	-0.008213	-0.000050	-3.683250
592.000000	-0.008227	-0.000050	-3.682680
593.000000	-0.008241	-0.000050	-3.681920
594.000000	-0.008254	-0.000050	-3.681540
595.000000	-0.008268	-0.000050	-3.681350
596.000000	-0.008282	-0.000050	-3.681350
597.000000	-0.008296	-0.000050	-3.681160
598.000000	-0.008310	-0.000050	-3.680780
599.000000	-0.008324	-0.000050	-3.680400
600.000000	-0.008338	-0.000050	-3.680210
601.000000	-0.008352	-0.000050	-3.680020
602.000000	-0.008366	-0.000050	-3.679640
603.000000	-0.008380	-0.000050	-3.679450
604.000000	-0.008393	-0.000050	-3.679260
605.000000	-0.008407	-0.000050	-3.679260
606.000000	-0.008421	-0.000050	-3.679070
607.000000	-0.008435	-0.000050	-3.678880
608.000000	-0.008449	-0.000050	-3.678690
609.000000	-0.008463	-0.000050	-3.678310
610.000000	-0.008477	-0.000050	-3.677930
611.000000	-0.008491	-0.000050	-3.677550
612.000000	-0.008505	-0.000050	-3.677360
613.000000	-0.008519	-0.000050	-3.677550
614.000000	-0.008532	-0.000050	-3.677360
615.000000	-0.008546	-0.000050	-3.677360
616.000000	-0.008560	-0.000050	-3.676600
617.000000	-0.008574	-0.000050	-3.676220
618.000000	-0.008588	-0.000050	-3.676030
619.000000	-0.008602	-0.000050	-3.675080
620.000000	-0.008616	-0.000050	-3.674890
621.000000	-0.008630	-0.000050	-3.674700
622.000000	-0.008644	-0.000050	-3.674510
623.000000	-0.008657	-0.000050	-3.674510
624.000000	-0.008671	-0.000050	-3.674320
625.000000	-0.008685	-0.000050	-3.673940
626.000000	-0.008699	-0.000050	-3.673750
627.000000	-0.008713	-0.000050	-3.673560
628.000000	-0.008727	-0.000050	-3.673370
629.000000	-0.008741	-0.000050	-3.673370
630.000000	-0.008755	-0.000050	-3.673560
631.000000	-0.008769	-0.000050	-3.672610
632.000000	-0.008783	-0.000050	-3.672420
633.000000	-0.008796	-0.000050	-3.672230
634.000000	-0.008810	-0.000050	-3.671850
635.000000	-0.008824	-0.000050	-3.671660
636.000000	-0.008838	-0.000050	-3.669380
637.000000	-0.008852	-0.000050	-3.667680
638.000000	-0.008866	-0.000050	-3.666920
639.000000	-0.008880	-0.000050	-3.666160
640.000000	-0.008894	-0.000050	-3.665970
641.000000	-0.008908	-0.000050	-3.665780
642.000000	-0.008922	-0.000050	-3.665780
643.000000	-0.008935	-0.000050	-3.665590
644.000000	-0.008949	-0.000050	-3.665590
645.000000	-0.008963	-0.000050	-3.664450
646.000000	-0.008977	-0.000050	-3.664070
647.000000	-0.008991	-0.000050	-3.663880
648.000000	-0.009005	-0.000050	-3.663880
649.000000	-0.009019	-0.000050	-3.663690
650.000000	-0.009033	-0.000050	-3.663310
651.000000	-0.009047	-0.000050	-3.662930
652.000000	-0.009061	-0.000050	-3.662740
653.000000	-0.009074	-0.000050	-3.662740
654.000000	-0.009088	-0.000050	-3.662360
655.000000	-0.009102	-0.000050	-3.662170
656.000000	-0.009116	-0.000050	-3.661980
657.000000	-0.009130	-0.000050	-3.661600
658.000000	-0.009144	-0.000050	-3.661220
659.000000	-0.009158	-0.000050	-3.661220
660.000000	-0.009172	-0.000050	-3.661030
661.000000	-0.009186	-0.000050	-3.660840
662.000000	-0.009199	-0.000050	-3.660650
663.000000	-0.009213	-0.000050	-3.660460
664.000000	-0.009227	-0.000050	-3.659510
665.000000	-0.009241	-0.000050	-3.659510
666.000000	-0.009255	-0.000050	-3.658940
667.000000	-0.009269	-0.000050	-3.659130
668.000000	-0.009283	-0.000050	-3.658940
669.000000	-0.009297	-0.000050	-3.659130
670.000000	-0.009311	-0.000050	-3.658940
671.000000	-0.009325	-0.000050	-3.658370
672.000000	-0.009338	-0.000050	-3.657990
673.000000	-0.009352	-0.000050	-3.657610
674.000000	-0.009366	-0.000050	-3.657420
675.000000	-0.009380	-0.000050	-3.657230
676.000000	-0.009394	-0.000050	-3.657040
677.000000	-0.009408	-0.000050	-3.657040
678.000000	-0.009422	-0.000050	-3.657230
679.000000	-0.009436	-0.000050	-3.657040
680.000000	-0.009450	-0.000050	-3.656470
681.000000	-0.009464	-0.000050	-3.656090
682.000000	-0.009477	-0.000050	-3.655900
683.000000	-0.009491	-0.000050	-3.655710
684.000000	-0.009505	-0.000050	-3.655520
685.000000	-0.009519	-0.000050	-3.655520
686.000000	-0.009533	-0.000050	-3.655330
687.000000	-0.009547	-0.000050	-3.655140
688.000000	-0.009561	-0.000050	-3.654570
689.000000	-0.009575	-0.000050	-3.654380
690.000000	-0.009589	-0.000050	-3.654190
691.000000	-0.009602	-0.000050	-3.654380
692.000000	-0.009616	-0.000050	-3.654190
693.000000	-0.009630	-0.000050	-3.654000
694.000000	-0.009644	-0.000050	-3.654000
695.000000	-0.009658	-0.000050	-3.653810
696.000000	-0.009672	-0.000050	-3.653620
697.000000	-0.009686	-0.000050	-3.653430
698.000000	-0.009700	-0.000050	-3.653240
699.000000	-0.009714	-0.000050	-3.653240
700.000000	-0.009728	-0.000050	-3.653050
701.000000	-0.009741	-0.000050	-3.653050
702.000000	-0.009755	-0.000050	-3.652680
703.000000	-0.009769	-0.000050	-3.652110
704.000000	-0.009783	-0.000050	-3.652110
705.000000	-0.009797	-0.000050	-3.652110
706.000000	-0.009811	-0.000050	-3.651730
707.000000	-0.009825	-0.000050	-3.651540
708.000000	-0.009839	-0.000050	-3.651350
709.000000	-0.009853	-0.000050	-3.651350
710.000000	-0.009867	-0.000050	-3.651160
711.000000	-0.009880	-0.000050	-3.651160
712.000000	-0.009894	-0.000050	-3.650970
713.000000	-0.009908	-0.000050	-3.650590
714.000000	-0.009922	-0.000050	-3.650400
715.000000	-0.009936	-0.000050	-3.650400
716.000000	-0.009950	-0.000050	-3.650210
717.000000	-0.009964	-0.000050	-3.649830
718.000000	-0.009978	-0.000050	-3.649450
719.000000	-0.009992	-0.000050	-3.649260
720.000000	-0.010005	-0.000050	-3.649070
721.000000	-0.010019	-0.000050	-3.649070
722.000000	-0.010033	-0.000050	-3.648880
723.000000	-0.010047	-0.000050	-3.648880
724.000000	-0.010061	-0.000050	-3.647550
725.000000	-0.010075	-0.000050	-3.645080
726.000000	-0.010089	-0.000050	-3.644700
727.000000	-0.010103	-0.000050	-3.644130
728.000000	-0.010117	-0.000050	-3.643560
729.000000	-0.010131	-0.000050	-3.643180
730.000000	-0.010144	-0.000050	-3.642990
731.000000	-0.010158	-0.000050	-3.642610
732.000000	-0.010172	-0.000050	-3.642230
733.000000	-0.010186	-0.000050	-3.642040
734.000000	-0.010200	-0.000050	-3.642040
735.000000	-0.010214	-0.000050	-3.641470
736.000000	-0.010228	-0.000050	-3.641280
737.000000	-0.010242	-0.000050	-3.640710
738.000000	-0.010256	-0.000050	-3.639000
739.000000	-0.010270	-0.000050	-3.637670
740.000000	-0.010283	-0.000050	-3.633500
741.000000	-0.010297	-0.000050	-3.631980
742.000000	-0.010311	-0.000050	-3.634640
743.000000	-0.010325	-0.000050	-3.636350
744.000000	-0.010339	-0.000050	-3.637480
745.000000	-0.010353	-0.000050	-3.637860
746.000000	-0.010367	-0.000050	-3.638240
747.000000	-0.010381	-0.000050	-3.638050
748.000000	-0.010395	-0.000050	-3.637860
749.000000	-0.010409	-0.000050	-3.637100
750.000000	-0.010422	-0.000050	-3.636160
751.000000	-0.010436	-0.000050	-3.635780
752.000000	-0.010450	-0.000050	-3.635020
753.000000	-0.010464	-0.000050	-3.634070
754.000000	-0.010478	-0.000050	-3.633120
755.000000	-0.010492	-0.000050	-3.631410
756.000000	-0.010506	-0.000050	-3.630270
757.000000	-0.010520	-0.000050	-3.629130
758.000000	-0.010534	-0.000050	-3.627990
759.000000	-0.010547	-0.000050	-3.626280
760.000000	-0.010561	-0.000050	-3.625140
761.000000	-0.010575	-0.000050	-3.624380
762.000000	-0.010589	-0.000050	-3.623430
763.000000	-0.010603	-0.000050	-3.622670
764.000000	-0.010617	-0.000050	-3.621910
765.000000	-0.010631	-0.000050	-3.621160
766.000000	-0.010645	-0.000050	-3.620210
767.000000	-0.010659	-0.000050	-3.619450
768.000000	-0.010673	-0.000050	-3.618690
769.000000	-0.010686	-0.000050	-3.617930
770.000000	-0.010700	-0.000050	-3.617360
771.000000	-0.010714	-0.000050	-3.617170
772.000000	-0.010728	-0.000050	-3.616600
773.000000	-0.010742	-0.000050	-3.616220
774.000000	-0.010756	-0.000050	-3.615270
775.000000	-0.010770	-0.000050	-3.614320
776.000000	-0.010784	-0.000050	-3.613370
777.000000	-0.010798	-0.000050	-3.612420
778.000000	-0.010812	-0.000050	-3.611660
779.000000	-0.010825	-0.000050	-3.611280
780.000000	-0.010839	-0.000050	-3.610900
781.000000	-0.010853	-0.000050	-3.610330
782.000000	-0.010867	-0.000050	-3.609950
783.000000	-0.010881	-0.000050	-3.609570
784.000000	-0.010895	-0.000050	-3.609000
785.000000	-0.010909	-0.000050	-3.608620
786.000000	-0.010923	-0.000050	-3.608240
787.000000	-0.010937	-0.000050	-3.608050
788.000000	-0.010950	-0.000050	-3.607860
789.000000	-0.010964	-0.000050	-3.607860
790.000000	-0.010978	-0.000050	-3.607860
791.000000	-0.010992	-0.000050	-3.607480
792.000000	-0.011006	-0.000050	-3.607100
793.000000	-0.011020	-0.000050	-3.606910
794.000000	-0.011034	-0.000050	-3.606530
795.000000	-0.011048	-0.000050	-3.606150
796.000000	-0.011062	-0.000050	-3.605960
797.000000	-0.011076	-0.000050	-3.605770
798.000000	-0.011089	-0.000050	-3.605400
799.000000	-0.011103	-0.000050	-3.605400
800.000000	-0.011117	-0.000050	-3.605020
801.000000	-0.011131	-0.000050	-3.604640
802.000000	-0.011145	-0.000050	-3.604070
803.000000	-0.011159	-0.000050	-3.603880
804.000000	-0.011173	-0.000050	-3.604070
805.000000	-0.011187	-0.000050	-3.604070
806.000000	-0.011201	-0.000050	-3.604070
807.000000	-0.011215	-0.000050	-3.603690
808.000000	-0.011228	-0.000050	-3.603500
809.000000	-0.011242	-0.000050	-3.603500
810.000000	-0.011256	-0.000050	-3.603310
811.000000	-0.011270	-0.000050	-3.603500
812.000000	-0.011284	-0.000050	-3.603500
813.000000	-0.011298	-0.000050	-3.603500
814.000000	-0.011312	-0.000050	-3.603500
815.000000	-0.011326	-0.000050	-3.603310
816.000000	-0.011340	-0.000050	-3.603310
817.000000	-0.011354	-0.000050	-3.603310
818.000000	-0.011367	-0.000050	-3.602930
819.000000	-0.011381	-0.000050	-3.602740
820.000000	-0.011395	-0.000050	-3.602550
821.000000	-0.011409	-0.000050	-3.602360
822.000000	-0.011423	-0.000050	-3.602360
823.000000	-0.011437	-0.000050	-3.602360
824.000000	-0.011451	-0.000050	-3.602170
825.000000	-0.011465	-0.000050	-3.601980
826.000000	-0.011479	-0.000050	-3.601790
827.000000	-0.011492	-0.000050	-3.601790
828.000000	-0.011506	-0.000050	-3.601600
829.000000	-0.011520	-0.000050	-3.601410
830.000000	-0.011534	-0.000050	-3.601220
831.000000	-0.011548	-0.000050	-3.601220
832.000000	-0.011562	-0.000050	-3.601220
833.000000	-0.011576	-0.000050	-3.601220
834.000000	-0.011590	-0.000050	-3.601030
835.000000	-0.011604	-0.000050	-3.600840
836.000000	-0.011618	-0.000050	-3.601030
837.000000	-0.011631	-0.000050	-3.601030
838.000000	-0.011645	-0.000050	-3.600460
839.000000	-0.011659	-0.000050	-3.600080
840.000000	-0.011673	-0.000050	-3.599890
841.000000	-0.011687	-0.000050	-3.599700
842.000000	-0.011701	-0.000050	-3.599700
843.000000	-0.011715	-0.000050	-3.599700
844.000000	-0.011729	-0.000050	-3.599700
845.000000	-0.011743	-0.000050	-3.599510
846.000000	-0.011757	-0.000050	-3.599320
847.000000	-0.011770	-0.000050	-3.599320
848.000000	-0.011784	-0.000050	-3.598750
849.000000	-0.011798	-0.000050	-3.598940
850.000000	-0.011812	-0.000050	-3.599130
851.000000	-0.011826	-0.000050	-3.599320
852.000000	-0.011840	-0.000050	-3.599510
853.000000	-0.011854	-0.000050	-3.599700
854.000000	-0.011868	-0.000050	-3.599890
855.000000	-0.011882	-0.000050	-3.599890
856.000000	-0.011895	-0.000050	-3.600080
857.000000	-0.011909	-0.000050	-3.599890
858.000000	-0.011923	-0.000050	-3.600080
859.000000	-0.011937	-0.000050	-3.600080
860.000000	-0.011951	-0.000050	-3.600270
861.000000	-0.011965	-0.000050	-3.600270
862.000000	-0.011979	-0.000050	-3.600270
863.000000	-0.011993	-0.000050	-3.600080
864.000000	-0.012007	-0.000050	-3.600080
865.000000	-0.012021	-0.000050	-3.600080
866.000000	-0.012034	-0.000050	-3.600080
867.000000	-0.012048	-0.000050	-3.599890
868.000000	-0.012062	-0.000050	-3.599700
869.000000	-0.012076	-0.000050	-3.599700
870.000000	-0.012090	-0.000050	-3.599700
871.000000	-0.012104	-0.000050	-3.599510
872.000000	-0.012118	-0.000050	-3.597610
873.000000	-0.012132	-0.000050	-3.597420
874.000000	-0.012146	-0.000050	-3.597230
875.000000	-0.012160	-0.000050	-3.597040
876.000000	-0.012173	-0.000050	-3.596660
877.000000	-0.012187	-0.000050	-3.596470
878.000000	-0.012201	-0.000050	-3.596470
879.000000	-0.012215	-0.000050	-3.596090
880.000000	-0.012229	-0.000050	-3.595710
881.000000	-0.012243	-0.000050	-3.595520
882.000000	-0.012257	-0.000050	-3.595330
883.000000	-0.012271	-0.000050	-3.595140
884.000000	-0.012285	-0.000050	-3.594950
885.000000	-0.012299	-0.000050	-3.594760
886.000000	-0.012312	-0.000050	-3.594570
887.000000	-0.012326	-0.000050	-3.594380
888.000000	-0.012340	-0.000050	-3.594000
889.000000	-0.012354	-0.000050	-3.593810
890.000000	-0.012368	-0.000050	-3.593620
891.000000	-0.012382	-0.000050	-3.593240
892.000000	-0.012396	-0.000050	-3.592860
893.000000	-0.012410	-0.000050	-3.592290
894.000000	-0.012424	-0.000050	-3.592100
895.000000	-0.012437	-0.000050	-3.591910
896.000000	-0.012451	-0.000050	-3.591530
897.000000	-0.012465	-0.000050	-3.591340
898.000000	-0.012479	-0.000050	-3.590960
899.000000	-0.012493	-0.000050	-3.590770
900.000000	-0.012507	-0.000050	-3.590580
901.000000	-0.012521	-0.000050	-3.590390
902.000000	-0.012535	-0.000050	-3.590010
903.000000	-0.012549	-0.000050	-3.589820
904.000000	-0.012563	-0.000050	-3.589640
905.000000	-0.012576	-0.000050	-3.589450
906.000000	-0.012590	-0.000050	-3.589070
907.000000	-0.012604	-0.000050	-3.588880
908.000000	-0.012618	-0.000050	-3.588880
909.000000	-0.012632	-0.000050	-3.588500
910.000000	-0.012646	-0.000050	-3.588120
911.000000	-0.012660	-0.000050	-3.587550
912.000000	-0.012674	-0.000050	-3.586980
913.000000	-0.012688	-0.000050	-3.586600
914.000000	-0.012702	-0.000050	-3.586600
915.000000	-0.012715	-0.000050	-3.586220
916.000000	-0.012729	-0.000050	-3.585840
917.000000	-0.012743	-0.000050	-3.585460
918.000000	-0.012757	-0.000050	-3.585080
919.000000	-0.012771	-0.000050	-3.584890
920.000000	-0.012785	-0.000050	-3.584700
921.000000	-0.012799	-0.000050	-3.584510
922.000000	-0.012813	-0.000050	-3.584320
923.000000	-0.012827	-0.000050	-3.584130
924.000000	-0.012840	-0.000050	-3.583750
925.000000	-0.012854	-0.000050	-3.583180
926.000000	-0.012868	-0.000050	-3.582800
927.000000	-0.012882	-0.000050	-3.582610
928.000000	-0.012896	-0.000050	-3.582420
929.000000	-0.012910	-0.000050	-3.582230
930.000000	-0.012924	-0.000050	-3.582040
931.000000	-0.012938	-0.000050	-3.581850
932.000000	-0.012952	-0.000050	-3.581850
933.000000	-0.012966	-0.000050	-3.581660
934.000000	-0.012979	-0.000050	-3.581470
935.000000	-0.012993	-0.000050	-3.581090
936.000000	-0.013007	-0.000050	-3.580710
937.000000	-0.013021	-0.000050	-3.580330
938.000000	-0.013035	-0.000050	-3.579950
939.000000	-0.013049	-0.000050	-3.579760
940.000000	-0.013063	-0.000050	-3.579190
941.000000	-0.013077	-0.000050	-3.579000
942.000000	-0.013091	-0.000050	-3.579000
943.000000	-0.013105	-0.000050	-3.579000
944.000000	-0.013118	-0.000050	-3.579000
945.000000	-0.013132	-0.000050	-3.579000
946.000000	-0.013146	-0.000050	-3.579000
947.000000	-0.013160	-0.000050	-3.579000
948.000000	-0.013174	-0.000050	-3.579000
949.000000	-0.013188	-0.000050	-3.579000
950.000000	-0.013202	-0.000050	-3.579000
951.000000	-0.013216	-0.000050	-3.579190
952.000000	-0.013230	-0.000050	-3.579190
953.000000	-0.013244	-0.000050	-3.579380
954.000000	-0.013257	-0.000050	-3.579380
955.000000	-0.013271	-0.000050	-3.579570
956.000000	-0.013285	-0.000050	-3.579380
957.000000	-0.013299	-0.000050	-3.579380
958.000000	-0.013313	-0.000050	-3.579380
959.000000	-0.013327	-0.000050	-3.579380
960.000000	-0.013341	-0.000050	-3.579190
961.000000	-0.013355	-0.000050	-3.579190
962.000000	-0.013369	-0.000050	-3.579190
963.000000	-0.013382	-0.000050	-3.579000
964.000000	-0.013396	-0.000050	-3.578810
965.000000	-0.013410	-0.000050	-3.578810
966.000000	-0.013424	-0.000050	-3.578620
967.000000	-0.013438	-0.000050	-3.578430
968.000000	-0.013452	-0.000050	-3.578430
969.000000	-0.013466	-0.000050	-3.578240
970.000000	-0.013480	-0.000050	-3.578240
971.000000	-0.013494	-0.000050	-3.578050
972.000000	-0.013508	-0.000050	-3.577860
973.000000	-0.013521	-0.000050	-3.577670
974.000000	-0.013535	-0.000050	-3.577670
975.000000	-0.013549	-0.000050	-3.577290
976.000000	-0.013563	-0.000050	-3.577290
977.000000	-0.013577	-0.000050	-3.577100
978.000000	-0.013591	-0.000050	-3.577100
979.000000	-0.013605	-0.000050	-3.576910
980.000000	-0.013619	-0.000050	-3.576720
981.000000	-0.013633	-0.000050	-3.576530
982.000000	-0.013647	-0.000050	-3.576340
983.000000	-0.013660	-0.000050	-3.576340
984.000000	-0.013674	-0.000050	-3.576150
985.000000	-0.013688	-0.000050	-3.576150
986.000000	-0.013702	-0.000050	-3.576150
987.000000	-0.013716	-0.000050	-3.575960
988.000000	-0.013730	-0.000050	-3.575960
989.000000	-0.013744	-0.000050	-3.575770
990.000000	-0.013758	-0.000050	-3.575580
991.000000	-0.013772	-0.000050	-3.575390
992.000000	-0.013785	-0.000050	-3.575200
993.000000	-0.013799	-0.000050	-3.575010
994.000000	-0.013813	-0.000050	-3.575010
995.000000	-0.013827	-0.000050	-3.574820
996.000000	-0.013841	-0.000050	-3.574440
997.000000	-0.013855	-0.000050	-3.574440
998.000000	-0.013869	-0.000050	-3.573880
999.000000	-0.013883	-0.000050	-3.573690
1000.000000	-0.013897	-0.000050	-3.573500
1001.000000	-0.013911	-0.000050	-3.573310
1002.000000	-0.013924	-0.000050	-3.572930
1003.000000	-0.013938	-0.000050	-3.572170
1004.000000	-0.013952	-0.000050	-3.570460
1005.000000	-0.013966	-0.000050	-3.569510
