time	charge	amps	volts
1.000000	-0.000023	-0.000083	-3.597390
2.000000	-0.000045	-0.000078	-3.597390
3.000000	-0.000065	-0.000074	-3.597390
4.000000	-0.000085	-0.000071	-3.597390
5.000000	-0.000104	-0.000069	-3.597390
6.000000	-0.000122	-0.000067	-3.597390
7.000000	-0.000140	-0.000065	-3.597390
8.000000	-0.000158	-0.000064	-3.597390
9.000000	-0.000175	-0.000062	-3.597390
10.000000	-0.000193	-0.000062	-3.597390
11.000000	-0.000209	-0.000061	-3.597390
12.000000	-0.000226	-0.000060	-3.597390
13.000000	-0.000243	-0.000060	-3.597390
14.000000	-0.000259	-0.000059	-3.597390
15.000000	-0.000276	-0.000059	-3.597390
16.000000	-0.000292	-0.000059	-3.597390
17.000000	-0.000308	-0.000058	-3.597390
18.000000	-0.000324	-0.000058	-3.597390
19.000000	-0.000340	-0.000058	-3.597390
20.000000	-0.000356	-0.000058	-3.597390
21.000000	-0.000372	-0.000058	-3.597390
22.000000	-0.000388	-0.000057	-3.597390
23.000000	-0.000404	-0.000057	-3.597390
24.000000	-0.000420	-0.000057	-3.597390
25.000000	-0.000436	-0.000057	-3.597390
26.000000	-0.000452	-0.000057	-3.597770
27.000000	-0.000467	-0.000057	-3.597770
28.000000	-0.000483	-0.000057	-3.597770
29.000000	-0.000499	-0.000057	-3.597770
30.000000	-0.000515	-0.000056	-3.597770
31.000000	-0.000530	-0.000056	-3.597770
32.000000	-0.000546	-0.000056	-3.597770
33.000000	-0.000561	-0.000056	-3.597770
34.000000	-0.000577	-0.000056	-3.597770
35.000000	-0.000593	-0.000056	-3.597770
36.000000	-0.000608	-0.000056	-3.597770
37.000000	-0.000624	-0.000056	-3.597770
38.000000	-0.000639	-0.000056	-3.597770
39.000000	-0.000655	-0.000056	-3.597390
40.000000	-0.000670	-0.000056	-3.597770
41.000000	-0.000686	-0.000056	-3.597770
42.000000	-0.000701	-0.000056	-3.597390
43.000000	-0.000717	-0.000056	-3.597770
44.000000	-0.000732	-0.000056	-3.597770
45.000000	-0.000747	-0.000055	-3.597770
46.000000	-0.000763	-0.000055	-3.597390
47.000000	-0.000778	-0.000055	-3.597390
48.000000	-0.000793	-0.000055	-3.597390
49.000000	-0.000809	-0.000055	-3.597770
50.000000	-0.000824	-0.000055	-3.597390
51.000000	-0.000839	-0.000055	-3.597390
52.000000	-0.000855	-0.000055	-3.597770
53.000000	-0.000870	-0.000055	-3.597770
54.000000	-0.000885	-0.000055	-3.597770
55.000000	-0.000901	-0.000055	-3.597390
56.000000	-0.000916	-0.000055	-3.597390
57.000000	-0.000931	-0.000055	-3.597770
58.000000	-0.000946	-0.000055	-3.597390
59.000000	-0.000962	-0.000055	-3.597770
60.000000	-0.000977	-0.000055	-3.597390
61.000000	-0.000995	-0.000067	-3.797520
62.000000	-0.001014	-0.000066	-3.797520
63.000000	-0.001032	-0.000066	-3.797520
64.000000	-0.001050	-0.000066	-3.797520
65.000000	-0.001069	-0.000066	-3.797520
66.000000	-0.001087	-0.000066	-3.797520
67.000000	-0.001105	-0.000066	-3.797520
68.000000	-0.001123	-0.000065	-3.797520
69.000000	-0.001141	-0.000065	-3.797520
70.000000	-0.001159	-0.000065	-3.797520
71.000000	-0.001178	-0.000065	-3.797520
72.000000	-0.001196	-0.000065	-3.797520
73.000000	-0.001214	-0.000065	-3.797520
74.000000	-0.001232	-0.000065	-3.797520
75.000000	-0.001250	-0.000065	-3.797520
76.000000	-0.001268	-0.000065	-3.797520
77.000000	-0.001286	-0.000065	-3.797520
78.000000	-0.001304	-0.000065	-3.797520
79.000000	-0.001322	-0.000065	-3.797520
80.000000	-0.001340	-0.000065	-3.797520
81.000000	-0.001358	-0.000065	-3.797520
82.000000	-0.001376	-0.000065	-3.797520
83.000000	-0.001394	-0.000065	-3.797520
84.000000	-0.001412	-0.000065	-3.797520
85.000000	-0.001430	-0.000065	-3.797520
86.000000	-0.001448	-0.000065	-3.797520
87.000000	-0.001466	-0.000065	-3.797520
88.000000	-0.001484	-0.000065	-3.797520
89.000000	-0.001502	-0.000065	-3.797520
90.000000	-0.001520	-0.000065	-3.797520
91.000000	-0.001538	-0.000065	-3.797520
92.000000	-0.001556	-0.000065	-3.797520
93.000000	-0.001574	-0.000065	-3.797520
94.000000	-0.001592	-0.000065	-3.797520
95.000000	-0.001610	-0.000065	-3.797520
96.000000	-0.001628	-0.000064	-3.797520
97.000000	-0.001646	-0.000064	-3.797520
98.000000	-0.001663	-0.000064	-3.797520
99.000000	-0.001681	-0.000064	-3.797520
100.000000	-0.001699	-0.000064	-3.797520
101.000000	-0.001717	-0.000064	-3.797520
102.000000	-0.001735	-0.000064	-3.797520
103.000000	-0.001753	-0.000064	-3.797520
104.000000	-0.001771	-0.000064	-3.797520
105.000000	-0.001789	-0.000064	-3.797520
106.000000	-0.001807	-0.000064	-3.797520
107.000000	-0.001824	-0.000064	-3.797520
108.000000	-0.001842	-0.000064	-3.797520
109.000000	-0.001860	-0.000064	-3.797520
110.000000	-0.001878	-0.000064	-3.797520
111.000000	-0.001896	-0.000064	-3.797520
112.000000	-0.001914	-0.000064	-3.797520
113.000000	-0.001932	-0.000064	-3.797520
114.000000	-0.001949	-0.000064	-3.797520
115.000000	-0.001967	-0.000064	-3.797520
116.000000	-0.001985	-0.000064	-3.797520
117.000000	-0.002003	-0.000064	-3.797520
118.000000	-0.002021	-0.000064	-3.797520
119.000000	-0.002038	-0.000064	-3.797520
120.000000	-0.002056	-0.000064	-3.797520
121.000000	-0.002077	-0.000076	-3.998030
122.000000	-0.002098	-0.000076	-3.998030
123.000000	-0.002119	-0.000076	-3.998030
124.000000	-0.002140	-0.000075	-3.998030
125.000000	-0.002161	-0.000075	-3.998030
126.000000	-0.002182	-0.000075	-3.998030
127.000000	-0.002203	-0.000075	-3.998030
128.000000	-0.002224	-0.000075	-3.998030
129.000000	-0.002245	-0.000075	-3.998030
130.000000	-0.002266	-0.000075	-3.998030
131.000000	-0.002286	-0.000075	-3.998030
132.000000	-0.002307	-0.000075	-3.998030
133.000000	-0.002328	-0.000075	-3.998030
134.000000	-0.002349	-0.000075	-3.998030
135.000000	-0.002370	-0.000075	-3.998030
136.000000	-0.002390	-0.000075	-3.998030
137.000000	-0.002411	-0.000075	-3.998030
138.000000	-0.002432	-0.000075	-3.998030
139.000000	-0.002453	-0.000075	-3.998030
140.000000	-0.002474	-0.000075	-3.998030
141.000000	-0.002494	-0.000075	-3.998030
142.000000	-0.002515	-0.000075	-3.998030
143.000000	-0.002536	-0.000075	-3.998030
144.000000	-0.002557	-0.000075	-3.998030
145.000000	-0.002577	-0.000075	-3.998030
146.000000	-0.002598	-0.000075	-3.998030
147.000000	-0.002619	-0.000075	-3.998030
148.000000	-0.002640	-0.000075	-3.998030
149.000000	-0.002661	-0.000075	-3.998030
150.000000	-0.002681	-0.000075	-3.998030
151.000000	-0.002702	-0.000075	-3.998030
152.000000	-0.002723	-0.000075	-3.998030
153.000000	-0.002743	-0.000075	-3.998030
154.000000	-0.002764	-0.000075	-3.998030
155.000000	-0.002785	-0.000075	-3.998030
156.000000	-0.002806	-0.000075	-3.998030
157.000000	-0.002826	-0.000075	-3.998030
158.000000	-0.002847	-0.000075	-3.998030
159.000000	-0.002868	-0.000075	-3.998030
160.000000	-0.002889	-0.000075	-3.998030
161.000000	-0.002909	-0.000075	-3.998030
162.000000	-0.002930	-0.000075	-3.998030
163.000000	-0.002951	-0.000075	-3.998030
164.000000	-0.002971	-0.000074	-3.998030
165.000000	-0.002992	-0.000075	-3.998030
166.000000	-0.003013	-0.000075	-3.998030
167.000000	-0.003033	-0.000074	-3.998030
168.000000	-0.003054	-0.000074	-3.998030
169.000000	-0.003075	-0.000074	-3.998030
170.000000	-0.003095	-0.000074	-3.998030
171.000000	-0.003116	-0.000074	-3.998030
172.000000	-0.003137	-0.000074	-3.998030
173.000000	-0.003157	-0.000074	-3.998030
174.000000	-0.003178	-0.000074	-3.998030
175.000000	-0.003199	-0.000074	-3.998030
176.000000	-0.003219	-0.000074	-3.998030
177.000000	-0.003240	-0.000074	-3.998030
178.000000	-0.003261	-0.000074	-3.998030
179.000000	-0.003281	-0.000074	-3.998030
180.000000	-0.003302	-0.000074	-3.998030
181.000000	-0.003326	-0.000086	-4.197790
182.000000	-0.003349	-0.000086	-4.197790
183.000000	-0.003373	-0.000086	-4.197790
184.000000	-0.003397	-0.000085	-4.198170
185.000000	-0.003421	-0.000085	-4.198170
186.000000	-0.003444	-0.000085	-4.198170
187.000000	-0.003468	-0.000085	-4.198170
188.000000	-0.003492	-0.000085	-4.198170
189.000000	-0.003516	-0.000085	-4.198170
190.000000	-0.003539	-0.000085	-4.198170
191.000000	-0.003563	-0.000085	-4.198170
192.000000	-0.003587	-0.000085	-4.198170
193.000000	-0.003610	-0.000085	-4.198170
194.000000	-0.003634	-0.000085	-4.198170
195.000000	-0.003658	-0.000085	-4.198170
196.000000	-0.003681	-0.000085	-4.198170
197.000000	-0.003705	-0.000085	-4.198170
198.000000	-0.003729	-0.000085	-4.198170
199.000000	-0.003752	-0.000085	-4.198170
200.000000	-0.003776	-0.000085	-4.198170
201.000000	-0.003800	-0.000085	-4.198170
202.000000	-0.003823	-0.000085	-4.198170
203.000000	-0.003847	-0.000085	-4.198170
204.000000	-0.003871	-0.000085	-4.198170
205.000000	-0.003894	-0.000085	-4.198170
206.000000	-0.003918	-0.000085	-4.198170
207.000000	-0.003941	-0.000085	-4.198170
208.000000	-0.003965	-0.000085	-4.198170
209.000000	-0.003989	-0.000085	-4.198170
210.000000	-0.004012	-0.000085	-4.198170
211.000000	-0.004036	-0.000085	-4.198170
212.000000	-0.004060	-0.000085	-4.198170
213.000000	-0.004083	-0.000085	-4.198170
214.000000	-0.004107	-0.000085	-4.198170
215.000000	-0.004131	-0.000085	-4.198170
216.000000	-0.004154	-0.000085	-4.198170
217.000000	-0.004178	-0.000085	-4.198170
218.000000	-0.004201	-0.000085	-4.198170
219.000000	-0.004225	-0.000085	-4.198170
220.000000	-0.004249	-0.000085	-4.198170
221.000000	-0.004272	-0.000085	-4.198170
222.000000	-0.004296	-0.000085	-4.198170
223.000000	-0.004319	-0.000085	-4.198170
224.000000	-0.004343	-0.000085	-4.198170
225.000000	-0.004367	-0.000085	-4.198170
226.000000	-0.004390	-0.000085	-4.198170
227.000000	-0.004414	-0.000085	-4.198170
228.000000	-0.004438	-0.000085	-4.198170
229.000000	-0.004461	-0.000085	-4.198170
230.000000	-0.004485	-0.000085	-4.198170
231.000000	-0.004508	-0.000085	-4.198170
232.000000	-0.004532	-0.000085	-4.198170
233.000000	-0.004556	-0.000085	-4.198170
234.000000	-0.004579	-0.000085	-4.198170
235.000000	-0.004603	-0.000085	-4.198170
236.000000	-0.004627	-0.000085	-4.198170
237.000000	-0.004650	-0.000085	-4.198170
238.000000	-0.004674	-0.000085	-4.198170
239.000000	-0.004698	-0.000085	-4.198170
240.000000	-0.004721	-0.000085	-4.198170
241.000000	-0.004745	-0.000085	-4.198170
242.000000	-0.004769	-0.000085	-4.198170
243.000000	-0.004792	-0.000085	-4.198170
244.000000	-0.004816	-0.000085	-4.198170
245.000000	-0.004840	-0.000085	-4.198170
246.000000	-0.004863	-0.000085	-4.198170
247.000000	-0.004887	-0.000085	-4.198170
248.000000	-0.004911	-0.000085	-4.198170
249.000000	-0.004934	-0.000085	-4.198170
250.000000	-0.004958	-0.000085	-4.198170
251.000000	-0.004981	-0.000085	-4.198170
252.000000	-0.005005	-0.000085	-4.198170
253.000000	-0.005029	-0.000085	-4.198170
254.000000	-0.005052	-0.000085	-4.198170
255.000000	-0.005076	-0.000085	-4.198170
256.000000	-0.005100	-0.000085	-4.198170
257.000000	-0.005123	-0.000085	-4.198170
258.000000	-0.005147	-0.000085	-4.198170
259.000000	-0.005171	-0.000085	-4.198170
260.000000	-0.005194	-0.000085	-4.198170
261.000000	-0.005218	-0.000085	-4.198170
262.000000	-0.005242	-0.000085	-4.198170
263.000000	-0.005265	-0.000085	-4.198170
264.000000	-0.005289	-0.000085	-4.198170
265.000000	-0.005313	-0.000085	-4.198170
266.000000	-0.005336	-0.000085	-4.198170
267.000000	-0.005360	-0.000085	-4.198170
268.000000	-0.005384	-0.000085	-4.198170
269.000000	-0.005407	-0.000085	-4.198170
270.000000	-0.005431	-0.000085	-4.198170
271.000000	-0.005455	-0.000085	-4.198170
272.000000	-0.005478	-0.000085	-4.198170
273.000000	-0.005502	-0.000085	-4.198170
274.000000	-0.005526	-0.000085	-4.198170
275.000000	-0.005549	-0.000085	-4.198170
276.000000	-0.005573	-0.000085	-4.198170
277.000000	-0.005597	-0.000085	-4.198170
278.000000	-0.005620	-0.000085	-4.198170
279.000000	-0.005644	-0.000085	-4.198170
280.000000	-0.005668	-0.000085	-4.198170
281.000000	-0.005691	-0.000085	-4.198170
282.000000	-0.005715	-0.000085	-4.198170
283.000000	-0.005739	-0.000085	-4.198170
284.000000	-0.005762	-0.000085	-4.198170
285.000000	-0.005786	-0.000085	-4.198170
286.000000	-0.005810	-0.000085	-4.198170
287.000000	-0.005833	-0.000085	-4.198170
288.000000	-0.005857	-0.000085	-4.198170
289.000000	-0.005881	-0.000085	-4.198170
290.000000	-0.005904	-0.000085	-4.198170
291.000000	-0.005928	-0.000085	-4.198170
292.000000	-0.005952	-0.000085	-4.198170
293.000000	-0.005975	-0.000085	-4.198170
294.000000	-0.005999	-0.000085	-4.198170
295.000000	-0.006023	-0.000085	-4.198170
296.000000	-0.006046	-0.000085	-4.198170
297.000000	-0.006070	-0.000085	-4.198170
298.000000	-0.006093	-0.000085	-4.198170
299.000000	-0.006117	-0.000085	-4.198170
300.000000	-0.006141	-0.000085	-4.198170
301.000000	-0.006164	-0.000085	-4.198170
302.000000	-0.006188	-0.000085	-4.198170
303.000000	-0.006212	-0.000085	-4.197790
304.000000	-0.006235	-0.000085	-4.198170
305.000000	-0.006259	-0.000085	-4.198170
306.000000	-0.006283	-0.000085	-4.198170
307.000000	-0.006306	-0.000085	-4.198170
308.000000	-0.006330	-0.000085	-4.198170
309.000000	-0.006353	-0.000085	-4.198170
310.000000	-0.006377	-0.000085	-4.198170
311.000000	-0.006401	-0.000085	-4.198170
312.000000	-0.006424	-0.000085	-4.198170
313.000000	-0.006448	-0.000085	-4.198170
314.000000	-0.006472	-0.000085	-4.198170
315.000000	-0.006495	-0.000085	-4.198170
316.000000	-0.006519	-0.000085	-4.198170
317.000000	-0.006543	-0.000085	-4.198170
318.000000	-0.006566	-0.000085	-4.198170
319.000000	-0.006590	-0.000085	-4.198170
320.000000	-0.006614	-0.000085	-4.198170
321.000000	-0.006637	-0.000085	-4.198170
322.000000	-0.006661	-0.000085	-4.198170
323.000000	-0.006685	-0.000085	-4.198170
324.000000	-0.006708	-0.000085	-4.198170
325.000000	-0.006732	-0.000085	-4.198170
326.000000	-0.006756	-0.000085	-4.198170
327.000000	-0.006779	-0.000085	-4.198170
328.000000	-0.006803	-0.000085	-4.198170
329.000000	-0.006827	-0.000085	-4.198170
330.000000	-0.006851	-0.000085	-4.198170
331.000000	-0.006874	-0.000085	-4.198170
332.000000	-0.006898	-0.000085	-4.198170
333.000000	-0.006922	-0.000085	-4.198170
334.000000	-0.006946	-0.000087	-4.198170
335.000000	-0.006970	-0.000087	-4.198170
336.000000	-0.006994	-0.000087	-4.198170
337.000000	-0.007019	-0.000087	-4.198170
338.000000	-0.007043	-0.000087	-4.198170
339.000000	-0.007067	-0.000087	-4.198170
340.000000	-0.007091	-0.000087	-4.198170
341.000000	-0.007116	-0.000087	-4.198170
342.000000	-0.007140	-0.000087	-4.198170
343.000000	-0.007164	-0.000087	-4.198170
344.000000	-0.007188	-0.000087	-4.198170
345.000000	-0.007213	-0.000088	-4.198170
346.000000	-0.007237	-0.000088	-4.198170
347.000000	-0.007261	-0.000088	-4.198170
348.000000	-0.007286	-0.000088	-4.198170
349.000000	-0.007310	-0.000088	-4.198170
350.000000	-0.007334	-0.000088	-4.198170
351.000000	-0.007359	-0.000088	-4.198170
352.000000	-0.007383	-0.000088	-4.198170
353.000000	-0.007408	-0.000088	-4.198170
354.000000	-0.007432	-0.000088	-4.198170
355.000000	-0.007456	-0.000088	-4.198170
356.000000	-0.007481	-0.000088	-4.198170
357.000000	-0.007505	-0.000088	-4.198170
358.000000	-0.007530	-0.000088	-4.198170
359.000000	-0.007554	-0.000088	-4.198170
360.000000	-0.007579	-0.000088	-4.198170
361.000000	-0.007603	-0.000088	-4.198170
362.000000	-0.007628	-0.000088	-4.198170
363.000000	-0.007652	-0.000088	-4.198170
364.000000	-0.007677	-0.000088	-4.198170
365.000000	-0.007701	-0.000088	-4.198170
366.000000	-0.007726	-0.000088	-4.198170
367.000000	-0.007750	-0.000088	-4.198170
368.000000	-0.007775	-0.000088	-4.198170
369.000000	-0.007799	-0.000088	-4.198170
370.000000	-0.007824	-0.000088	-4.198170
371.000000	-0.007849	-0.000088	-4.198170
372.000000	-0.007873	-0.000088	-4.198170
373.000000	-0.007898	-0.000088	-4.198170
374.000000	-0.007922	-0.000088	-4.198170
375.000000	-0.007947	-0.000089	-4.198170
376.000000	-0.007971	-0.000089	-4.198170
377.000000	-0.007996	-0.000089	-4.198170
378.000000	-0.008021	-0.000089	-4.198170
379.000000	-0.008045	-0.000089	-4.198170
380.000000	-0.008070	-0.000089	-4.198170
381.000000	-0.008095	-0.000089	-4.198170
382.000000	-0.008119	-0.000089	-4.198170
383.000000	-0.008144	-0.000089	-4.198170
384.000000	-0.008169	-0.000089	-4.198170
385.000000	-0.008194	-0.000089	-4.198170
386.000000	-0.008218	-0.000089	-4.198170
387.000000	-0.008243	-0.000089	-4.198170
388.000000	-0.008268	-0.000089	-4.198170
389.000000	-0.008293	-0.000089	-4.198170
390.000000	-0.008317	-0.000089	-4.198170
391.000000	-0.008342	-0.000089	-4.198170
392.000000	-0.008367	-0.000089	-4.198170
393.000000	-0.008391	-0.000089	-4.198170
394.000000	-0.008416	-0.000089	-4.198170
395.000000	-0.008440	-0.000089	-4.198170
396.000000	-0.008465	-0.000089	-4.198170
397.000000	-0.008490	-0.000089	-4.198170
398.000000	-0.008514	-0.000088	-4.198170
399.000000	-0.008539	-0.000088	-4.198170
400.000000	-0.008563	-0.000088	-4.198170
401.000000	-0.008588	-0.000088	-4.198170
402.000000	-0.008612	-0.000088	-4.198170
403.000000	-0.008637	-0.000088	-4.198170
404.000000	-0.008661	-0.000088	-4.198170
405.000000	-0.008686	-0.000088	-4.198170
406.000000	-0.008710	-0.000088	-4.198170
407.000000	-0.008735	-0.000088	-4.198170
408.000000	-0.008759	-0.000088	-4.198170
409.000000	-0.008784	-0.000088	-4.198170
410.000000	-0.008808	-0.000088	-4.198170
411.000000	-0.008833	-0.000088	-4.198170
412.000000	-0.008857	-0.000088	-4.198170
413.000000	-0.008882	-0.000088	-4.198170
414.000000	-0.008906	-0.000088	-4.198170
415.000000	-0.008930	-0.000088	-4.198170
416.000000	-0.008955	-0.000088	-4.198170
417.000000	-0.008979	-0.000088	-4.198170
418.000000	-0.009004	-0.000088	-4.198170
419.000000	-0.009028	-0.000088	-4.198170
420.000000	-0.009053	-0.000088	-4.198170
421.000000	-0.009077	-0.000088	-4.198170
422.000000	-0.009102	-0.000088	-4.198170
423.000000	-0.009126	-0.000088	-4.198170
424.000000	-0.009151	-0.000088	-4.198170
425.000000	-0.009175	-0.000088	-4.198170
426.000000	-0.009200	-0.000088	-4.198170
427.000000	-0.009224	-0.000088	-4.198170
428.000000	-0.009249	-0.000088	-4.198170
429.000000	-0.009273	-0.000088	-4.198170
430.000000	-0.009298	-0.000089	-4.198170
431.000000	-0.009322	-0.000089	-4.198170
432.000000	-0.009347	-0.000089	-4.198170
433.000000	-0.009372	-0.000089	-4.198170
434.000000	-0.009397	-0.000090	-4.198170
435.000000	-0.009422	-0.000090	-4.198170
436.000000	-0.009447	-0.000091	-4.198170
437.000000	-0.009473	-0.000091	-4.198170
438.000000	-0.009498	-0.000091	-4.198170
439.000000	-0.009523	-0.000091	-4.198170
440.000000	-0.009549	-0.000091	-4.198170
441.000000	-0.009574	-0.000092	-4.198170
442.000000	-0.009600	-0.000092	-4.198170
443.000000	-0.009625	-0.000092	-4.198170
444.000000	-0.009651	-0.000092	-4.198170
445.000000	-0.009676	-0.000092	-4.198170
446.000000	-0.009702	-0.000092	-4.198170
447.000000	-0.009728	-0.000092	-4.198170
448.000000	-0.009753	-0.000093	-4.198170
449.000000	-0.009779	-0.000093	-4.198170
450.000000	-0.009805	-0.000093	-4.198170
451.000000	-0.009831	-0.000093	-4.198170
452.000000	-0.009856	-0.000093	-4.198170
453.000000	-0.009882	-0.000093	-4.198170
454.000000	-0.009908	-0.000093	-4.198170
455.000000	-0.009934	-0.000093	-4.198170
456.000000	-0.009959	-0.000093	-4.198170
457.000000	-0.009985	-0.000093	-4.197790
458.000000	-0.010011	-0.000093	-4.198170
459.000000	-0.010037	-0.000093	-4.198170
460.000000	-0.010063	-0.000093	-4.198170
461.000000	-0.010088	-0.000093	-4.198170
462.000000	-0.010114	-0.000093	-4.198170
463.000000	-0.010140	-0.000093	-4.198170
464.000000	-0.010166	-0.000093	-4.198170
465.000000	-0.010192	-0.000093	-4.198170
466.000000	-0.010218	-0.000093	-4.198170
467.000000	-0.010243	-0.000093	-4.198170
468.000000	-0.010269	-0.000093	-4.198170
469.000000	-0.010295	-0.000093	-4.198170
470.000000	-0.010321	-0.000093	-4.198170
471.000000	-0.010347	-0.000093	-4.198170
472.000000	-0.010373	-0.000093	-4.198170
473.000000	-0.010399	-0.000093	-4.198170
474.000000	-0.010425	-0.000093	-4.198170
475.000000	-0.010450	-0.000093	-4.198170
476.000000	-0.010476	-0.000093	-4.198170
477.000000	-0.010502	-0.000093	-4.198170
478.000000	-0.010528	-0.000093	-4.198170
479.000000	-0.010554	-0.000093	-4.198170
480.000000	-0.010580	-0.000093	-4.198170
481.000000	-0.010605	-0.000093	-4.198170
482.000000	-0.010631	-0.000093	-4.198170
483.000000	-0.010657	-0.000093	-4.198170
484.000000	-0.010683	-0.000093	-4.198170
485.000000	-0.010709	-0.000093	-4.198170
486.000000	-0.010734	-0.000093	-4.198170
487.000000	-0.010760	-0.000093	-4.198170
488.000000	-0.010786	-0.000093	-4.198170
489.000000	-0.010812	-0.000093	-4.198170
490.000000	-0.010838	-0.000093	-4.198170
491.000000	-0.010864	-0.000093	-4.198170
492.000000	-0.010889	-0.000093	-4.198170
493.000000	-0.010915	-0.000093	-4.198170
494.000000	-0.010941	-0.000093	-4.198170
495.000000	-0.010967	-0.000093	-4.198170
496.000000	-0.010993	-0.000093	-4.198170
497.000000	-0.011018	-0.000093	-4.198170
498.000000	-0.011044	-0.000093	-4.198170
499.000000	-0.011070	-0.000093	-4.198170
500.000000	-0.011096	-0.000093	-4.198170
501.000000	-0.011122	-0.000093	-4.198170
502.000000	-0.011147	-0.000093	-4.198170
503.000000	-0.011173	-0.000093	-4.198170
504.000000	-0.011199	-0.000093	-4.197790
505.000000	-0.011225	-0.000093	-4.198170
506.000000	-0.011251	-0.000093	-4.198170
507.000000	-0.011277	-0.000093	-4.198170
508.000000	-0.011302	-0.000093	-4.198170
509.000000	-0.011328	-0.000093	-4.198170
510.000000	-0.011354	-0.000093	-4.198170
511.000000	-0.011380	-0.000093	-4.198170
512.000000	-0.011406	-0.000093	-4.198170
513.000000	-0.011432	-0.000093	-4.198170
514.000000	-0.011457	-0.000093	-4.197790
515.000000	-0.011483	-0.000093	-4.198170
516.000000	-0.011509	-0.000093	-4.198170
517.000000	-0.011535	-0.000093	-4.198170
518.000000	-0.011561	-0.000093	-4.197790
519.000000	-0.011587	-0.000093	-4.197790
520.000000	-0.011612	-0.000093	-4.197790
521.000000	-0.011638	-0.000093	-4.197790
522.000000	-0.011664	-0.000093	-4.197790
523.000000	-0.011690	-0.000093	-4.198170
524.000000	-0.011716	-0.000093	-4.197790
525.000000	-0.011741	-0.000093	-4.197790
526.000000	-0.011767	-0.000093	-4.197790
527.000000	-0.011793	-0.000093	-4.197790
528.000000	-0.011819	-0.000093	-4.197790
529.000000	-0.011844	-0.000093	-4.197790
530.000000	-0.011870	-0.000093	-4.197790
531.000000	-0.011896	-0.000093	-4.197790
532.000000	-0.011922	-0.000093	-4.197790
533.000000	-0.011947	-0.000093	-4.197790
534.000000	-0.011973	-0.000093	-4.197790
535.000000	-0.011999	-0.000093	-4.197790
536.000000	-0.012025	-0.000093	-4.197790
537.000000	-0.012051	-0.000093	-4.197790
538.000000	-0.012076	-0.000093	-4.197790
539.000000	-0.012102	-0.000093	-4.197790
540.000000	-0.012128	-0.000093	-4.197790
541.000000	-0.012154	-0.000093	-4.197790
542.000000	-0.012180	-0.000093	-4.197790
543.000000	-0.012206	-0.000093	-4.197790
544.000000	-0.012231	-0.000093	-4.198170
545.000000	-0.012257	-0.000093	-4.197790
546.000000	-0.012283	-0.000093	-4.198170
547.000000	-0.012309	-0.000093	-4.198170
548.000000	-0.012335	-0.000093	-4.198170
549.000000	-0.012361	-0.000093	-4.198170
550.000000	-0.012387	-0.000093	-4.198170
551.000000	-0.012413	-0.000094	-4.198170
552.000000	-0.012439	-0.000093	-4.198170
553.000000	-0.012465	-0.000094	-4.197790
554.000000	-0.012491	-0.000094	-4.197790
555.000000	-0.012517	-0.000094	-4.197790
556.000000	-0.012543	-0.000094	-4.198170
557.000000	-0.012569	-0.000094	-4.198170
558.000000	-0.012595	-0.000094	-4.197790
559.000000	-0.012621	-0.000094	-4.198170
560.000000	-0.012648	-0.000094	-4.198170
561.000000	-0.012674	-0.000094	-4.198170
562.000000	-0.012700	-0.000094	-4.197790
563.000000	-0.012726	-0.000094	-4.197790
564.000000	-0.012752	-0.000094	-4.198170
565.000000	-0.012778	-0.000095	-4.198170
566.000000	-0.012805	-0.000095	-4.198170
567.000000	-0.012831	-0.000095	-4.198170
568.000000	-0.012857	-0.000095	-4.198170
569.000000	-0.012883	-0.000095	-4.198170
570.000000	-0.012910	-0.000095	-4.198170
571.000000	-0.012936	-0.000095	-4.198170
572.000000	-0.012962	-0.000095	-4.198170
573.000000	-0.012989	-0.000095	-4.198170
574.000000	-0.013015	-0.000095	-4.198170
575.000000	-0.013041	-0.000095	-4.198170
576.000000	-0.013067	-0.000095	-4.198170
577.000000	-0.013094	-0.000095	-4.198170
578.000000	-0.013120	-0.000095	-4.198170
579.000000	-0.013146	-0.000095	-4.197790
580.000000	-0.013173	-0.000095	-4.197790
581.000000	-0.013199	-0.000095	-4.197790
582.000000	-0.013225	-0.000095	-4.197790
583.000000	-0.013251	-0.000095	-4.197790
584.000000	-0.013278	-0.000095	-4.197790
585.000000	-0.013304	-0.000095	-4.197790
586.000000	-0.013330	-0.000095	-4.198170
587.000000	-0.013356	-0.000095	-4.197790
588.000000	-0.013383	-0.000095	-4.197790
589.000000	-0.013409	-0.000094	-4.198170
590.000000	-0.013435	-0.000094	-4.198170
591.000000	-0.013461	-0.000094	-4.198170
592.000000	-0.013488	-0.000094	-4.198170
593.000000	-0.013514	-0.000094	-4.197790
594.000000	-0.013540	-0.000094	-4.197790
595.000000	-0.013566	-0.000094	-4.198170
596.000000	-0.013592	-0.000094	-4.198170
597.000000	-0.013618	-0.000094	-4.197790
598.000000	-0.013645	-0.000094	-4.198170
599.000000	-0.013671	-0.000094	-4.198170
600.000000	-0.013697	-0.000094	-4.198170
601.000000	-0.013723	-0.000094	-4.198170
602.000000	-0.013749	-0.000094	-4.198170
603.000000	-0.013775	-0.000094	-4.198170
604.000000	-0.013801	-0.000094	-4.198170
605.000000	-0.013827	-0.000094	-4.198170
606.000000	-0.013853	-0.000094	-4.198170
607.000000	-0.013879	-0.000094	-4.198170
608.000000	-0.013905	-0.000094	-4.198170
609.000000	-0.013931	-0.000094	-4.198170
610.000000	-0.013957	-0.000094	-4.197790
611.000000	-0.013983	-0.000094	-4.198170
612.000000	-0.014009	-0.000094	-4.198170
613.000000	-0.014036	-0.000094	-4.198170
614.000000	-0.014062	-0.000094	-4.198170
615.000000	-0.014088	-0.000094	-4.198170
616.000000	-0.014114	-0.000094	-4.198170
617.000000	-0.014140	-0.000094	-4.197790
618.000000	-0.014166	-0.000094	-4.198170
619.000000	-0.014192	-0.000094	-4.198170
620.000000	-0.014218	-0.000094	-4.198170
621.000000	-0.014244	-0.000094	-4.197790
622.000000	-0.014270	-0.000093	-4.198170
623.000000	-0.014296	-0.000093	-4.197790
624.000000	-0.014322	-0.000093	-4.197790
625.000000	-0.014348	-0.000093	-4.197790
626.000000	-0.014374	-0.000093	-4.197790
627.000000	-0.014400	-0.000093	-4.197790
628.000000	-0.014425	-0.000093	-4.197790
629.000000	-0.014451	-0.000093	-4.197790
630.000000	-0.014477	-0.000093	-4.197790
631.000000	-0.014503	-0.000093	-4.197790
632.000000	-0.014529	-0.000093	-4.198170
633.000000	-0.014555	-0.000093	-4.198170
634.000000	-0.014581	-0.000093	-4.197790
635.000000	-0.014607	-0.000093	-4.197790
636.000000	-0.014633	-0.000093	-4.197790
637.000000	-0.014659	-0.000093	-4.198170
638.000000	-0.014685	-0.000093	-4.198170
639.000000	-0.014710	-0.000093	-4.198170
640.000000	-0.014736	-0.000093	-4.198170
641.000000	-0.014762	-0.000093	-4.198170
642.000000	-0.014788	-0.000093	-4.198170
643.000000	-0.014814	-0.000093	-4.198170
644.000000	-0.014840	-0.000093	-4.198170
645.000000	-0.014866	-0.000093	-4.198170
646.000000	-0.014891	-0.000093	-4.198170
647.000000	-0.014917	-0.000093	-4.198170
648.000000	-0.014943	-0.000093	-4.198170
649.000000	-0.014969	-0.000093	-4.198170
650.000000	-0.014995	-0.000093	-4.198170
651.000000	-0.015020	-0.000093	-4.198170
652.000000	-0.015046	-0.000093	-4.198170
653.000000	-0.015072	-0.000093	-4.198170
654.000000	-0.015098	-0.000093	-4.198170
655.000000	-0.015124	-0.000093	-4.198170
656.000000	-0.015149	-0.000093	-4.198170
657.000000	-0.015175	-0.000093	-4.198170
658.000000	-0.015201	-0.000093	-4.198170
659.000000	-0.015226	-0.000093	-4.198170
660.000000	-0.015252	-0.000093	-4.198170
661.000000	-0.015278	-0.000092	-4.198170
662.000000	-0.015303	-0.000092	-4.198170
663.000000	-0.015329	-0.000092	-4.198170
664.000000	-0.015355	-0.000092	-4.198170
665.000000	-0.015380	-0.000092	-4.198170
666.000000	-0.015406	-0.000092	-4.198170
667.000000	-0.015432	-0.000092	-4.198170
668.000000	-0.015457	-0.000092	-4.198170
669.000000	-0.015483	-0.000092	-4.198170
670.000000	-0.015508	-0.000092	-4.198170
671.000000	-0.015534	-0.000092	-4.198170
672.000000	-0.015559	-0.000092	-4.198170
673.000000	-0.015585	-0.000092	-4.198170
674.000000	-0.015610	-0.000092	-4.198170
675.000000	-0.015636	-0.000092	-4.198170
676.000000	-0.015661	-0.000091	-4.197790
677.000000	-0.015686	-0.000092	-4.198170
678.000000	-0.015712	-0.000093	-4.198170
679.000000	-0.015739	-0.000094	-4.198170
680.000000	-0.015765	-0.000096	-4.198170
681.000000	-0.015792	-0.000098	-4.198170
682.000000	-0.015820	-0.000099	-4.197790
683.000000	-0.015848	-0.000100	-4.198170
684.000000	-0.015876	-0.000101	-4.198170
685.000000	-0.015904	-0.000102	-4.198170
686.000000	-0.015933	-0.000103	-4.198170
687.000000	-0.015962	-0.000104	-4.198170
688.000000	-0.015991	-0.000105	-4.198170
689.000000	-0.016020	-0.000106	-4.198170
690.000000	-0.016050	-0.000109	-4.198170
691.000000	-0.016083	-0.000117	-4.198170
692.000000	-0.016117	-0.000121	-4.198170
693.000000	-0.016151	-0.000124	-4.198170
694.000000	-0.016186	-0.000125	-4.198170
695.000000	-0.016221	-0.000126	-4.198170
696.000000	-0.016256	-0.000127	-4.198170
697.000000	-0.016291	-0.000128	-4.198170
698.000000	-0.016327	-0.000129	-4.198170
699.000000	-0.016363	-0.000130	-4.197790
700.000000	-0.016400	-0.000130	-4.198170
701.000000	-0.016436	-0.000131	-4.198170
702.000000	-0.016473	-0.000132	-4.198170
703.000000	-0.016510	-0.000132	-4.198170
704.000000	-0.016546	-0.000133	-4.198170
705.000000	-0.016584	-0.000134	-4.198170
706.000000	-0.016621	-0.000134	-4.198170
707.000000	-0.016659	-0.000136	-4.198170
708.000000	-0.016696	-0.000136	-4.198170
709.000000	-0.016735	-0.000137	-4.198170
710.000000	-0.016773	-0.000138	-4.198170
711.000000	-0.016812	-0.000139	-4.198170
712.000000	-0.016851	-0.000140	-4.198170
713.000000	-0.016890	-0.000141	-4.198170
714.000000	-0.016929	-0.000141	-4.198170
715.000000	-0.016969	-0.000142	-4.198170
716.000000	-0.017008	-0.000142	-4.198170
717.000000	-0.017048	-0.000143	-4.198170
718.000000	-0.017088	-0.000143	-4.198170
719.000000	-0.017128	-0.000144	-4.198170
720.000000	-0.017168	-0.000146	-4.198170
721.000000	-0.017209	-0.000146	-4.198170
722.000000	-0.017250	-0.000149	-4.198170
723.000000	-0.017293	-0.000155	-4.198170
724.000000	-0.017330	-0.000132	-4.198170
725.000000	-0.017367	-0.000133	-4.198170
726.000000	-0.017405	-0.000135	-4.198170
727.000000	-0.017442	-0.000136	-4.198170
728.000000	-0.017480	-0.000137	-4.198170
729.000000	-0.017519	-0.000138	-4.198170
730.000000	-0.017557	-0.000138	-4.198170
731.000000	-0.017595	-0.000138	-4.198170
732.000000	-0.017634	-0.000139	-4.198170
733.000000	-0.017672	-0.000139	-4.198170
734.000000	-0.017711	-0.000140	-4.198170
735.000000	-0.017750	-0.000140	-4.198170
736.000000	-0.017789	-0.000141	-4.198170
737.000000	-0.017829	-0.000143	-4.198170
738.000000	-0.017869	-0.000144	-4.198170
739.000000	-0.017909	-0.000143	-4.198170
740.000000	-0.017949	-0.000144	-4.198170
741.000000	-0.017989	-0.000144	-4.198170
742.000000	-0.018029	-0.000143	-4.198170
743.000000	-0.018069	-0.000145	-4.198170
744.000000	-0.018109	-0.000145	-4.198170
745.000000	-0.018149	-0.000145	-4.198170
746.000000	-0.018190	-0.000145	-4.198170
747.000000	-0.018230	-0.000145	-4.198170
748.000000	-0.018270	-0.000145	-4.197790
749.000000	-0.018310	-0.000145	-4.198170
750.000000	-0.018351	-0.000146	-4.197790
751.000000	-0.018391	-0.000145	-4.198170
752.000000	-0.018431	-0.000145	-4.198170
753.000000	-0.018472	-0.000146	-4.198170
754.000000	-0.018512	-0.000145	-4.198170
755.000000	-0.018552	-0.000145	-4.198170
756.000000	-0.018593	-0.000147	-4.198170
757.000000	-0.018634	-0.000147	-4.198170
758.000000	-0.018675	-0.000147	-4.198170
759.000000	-0.018715	-0.000146	-4.198170
760.000000	-0.018757	-0.000150	-4.197790
761.000000	-0.018798	-0.000147	-4.198170
762.000000	-0.018839	-0.000148	-4.198170
763.000000	-0.018880	-0.000147	-4.198170
764.000000	-0.018921	-0.000147	-4.198170
765.000000	-0.018961	-0.000147	-4.198170
766.000000	-0.019002	-0.000146	-4.198170
767.000000	-0.019043	-0.000147	-4.198170
768.000000	-0.019084	-0.000147	-4.198170
769.000000	-0.019125	-0.000146	-4.198170
770.000000	-0.019165	-0.000146	-4.197790
771.000000	-0.019206	-0.000146	-4.198170
772.000000	-0.019246	-0.000146	-4.197790
773.000000	-0.019287	-0.000147	-4.197790
774.000000	-0.019328	-0.000147	-4.197790
775.000000	-0.019369	-0.000146	-4.197790
776.000000	-0.019409	-0.000146	-4.197790
777.000000	-0.019450	-0.000148	-4.197790
778.000000	-0.019491	-0.000148	-4.198170
779.000000	-0.019533	-0.000148	-4.197790
780.000000	-0.019574	-0.000149	-4.198170
781.000000	-0.019615	-0.000149	-4.198170
782.000000	-0.019657	-0.000150	-4.198170
783.000000	-0.019699	-0.000151	-4.198170
784.000000	-0.019741	-0.000151	-4.198170
785.000000	-0.019783	-0.000152	-4.198170
786.000000	-0.019825	-0.000153	-4.198170
787.000000	-0.019868	-0.000153	-4.198170
788.000000	-0.019910	-0.000153	-4.198170
789.000000	-0.019953	-0.000154	-4.198170
790.000000	-0.019995	-0.000152	-4.198170
791.000000	-0.020038	-0.000153	-4.198170
792.000000	-0.020080	-0.000153	-4.198170
793.000000	-0.020122	-0.000151	-4.198170
794.000000	-0.020164	-0.000152	-4.198170
795.000000	-0.020207	-0.000153	-4.198170
796.000000	-0.020249	-0.000153	-4.198170
797.000000	-0.020292	-0.000153	-4.198170
798.000000	-0.020334	-0.000153	-4.198170
799.000000	-0.020377	-0.000154	-4.198170
800.000000	-0.020419	-0.000153	-4.198170
801.000000	-0.020462	-0.000154	-4.198170
802.000000	-0.020505	-0.000154	-4.198170
803.000000	-0.020548	-0.000155	-4.198170
804.000000	-0.020591	-0.000155	-4.198170
805.000000	-0.020634	-0.000155	-4.197790
806.000000	-0.020677	-0.000156	-4.198170
807.000000	-0.020720	-0.000155	-4.198170
808.000000	-0.020764	-0.000156	-4.198170
809.000000	-0.020807	-0.000157	-4.198170
810.000000	-0.020851	-0.000156	-4.198170
811.000000	-0.020894	-0.000157	-4.198170
812.000000	-0.020938	-0.000157	-4.198170
813.000000	-0.020981	-0.000157	-4.198170
814.000000	-0.021025	-0.000158	-4.198170
815.000000	-0.021069	-0.000157	-4.198170
816.000000	-0.021113	-0.000159	-4.198170
817.000000	-0.021157	-0.000158	-4.198170
818.000000	-0.021201	-0.000158	-4.197790
819.000000	-0.021245	-0.000158	-4.197790
820.000000	-0.021289	-0.000160	-4.198170
821.000000	-0.021333	-0.000159	-4.198170
822.000000	-0.021377	-0.000159	-4.198170
823.000000	-0.021421	-0.000157	-4.198170
824.000000	-0.021465	-0.000158	-4.198170
825.000000	-0.021509	-0.000158	-4.198170
826.000000	-0.021553	-0.000158	-4.198170
827.000000	-0.021596	-0.000158	-4.198170
828.000000	-0.021640	-0.000157	-4.198170
829.000000	-0.021684	-0.000159	-4.198170
830.000000	-0.021728	-0.000158	-4.198170
831.000000	-0.021772	-0.000159	-4.198170
832.000000	-0.021817	-0.000160	-4.198170
833.000000	-0.021861	-0.000160	-4.198170
834.000000	-0.021906	-0.000161	-4.198170
835.000000	-0.021951	-0.000161	-4.198170
836.000000	-0.021996	-0.000162	-4.198170
837.000000	-0.022041	-0.000162	-4.198170
838.000000	-0.022085	-0.000161	-4.198170
839.000000	-0.022130	-0.000162	-4.198170
840.000000	-0.022175	-0.000161	-4.198170
841.000000	-0.022218	-0.000157	-4.198170
842.000000	-0.022262	-0.000157	-4.198170
843.000000	-0.022305	-0.000156	-4.198170
844.000000	-0.022349	-0.000158	-4.198170
845.000000	-0.022393	-0.000158	-4.198170
846.000000	-0.022437	-0.000158	-4.198170
847.000000	-0.022481	-0.000158	-4.198170
848.000000	-0.022525	-0.000159	-4.198170
849.000000	-0.022570	-0.000160	-4.198170
850.000000	-0.022614	-0.000160	-4.198170
851.000000	-0.022659	-0.000161	-4.198170
852.000000	-0.022703	-0.000160	-4.198170
853.000000	-0.022748	-0.000160	-4.198170
854.000000	-0.022793	-0.000161	-4.198170
855.000000	-0.022838	-0.000162	-4.197790
856.000000	-0.022883	-0.000162	-4.197790
857.000000	-0.022928	-0.000163	-4.197790
858.000000	-0.022974	-0.000164	-4.198170
859.000000	-0.023020	-0.000165	-4.198170
860.000000	-0.023066	-0.000166	-4.198170
861.000000	-0.023112	-0.000168	-4.198170
862.000000	-0.023159	-0.000168	-4.198170
863.000000	-0.023206	-0.000168	-4.198170
864.000000	-0.023253	-0.000169	-4.198170
865.000000	-0.023300	-0.000170	-4.197790
866.000000	-0.023347	-0.000169	-4.197790
867.000000	-0.023394	-0.000169	-4.198170
868.000000	-0.023441	-0.000171	-4.197790
869.000000	-0.023489	-0.000172	-4.198170
870.000000	-0.023537	-0.000174	-4.197790
871.000000	-0.023585	-0.000173	-4.197790
872.000000	-0.023633	-0.000171	-4.198170
873.000000	-0.023680	-0.000171	-4.198170
874.000000	-0.023728	-0.000172	-4.197790
875.000000	-0.023775	-0.000172	-4.197790
876.000000	-0.023823	-0.000172	-4.197790
877.000000	-0.023871	-0.000173	-4.197790
878.000000	-0.023919	-0.000174	-4.197790
879.000000	-0.023968	-0.000173	-4.197790
880.000000	-0.024016	-0.000174	-4.197790
881.000000	-0.024064	-0.000174	-4.197790
882.000000	-0.024113	-0.000175	-4.197790
883.000000	-0.024162	-0.000175	-4.198170
884.000000	-0.024210	-0.000176	-4.197790
885.000000	-0.024260	-0.000177	-4.198170
886.000000	-0.024309	-0.000177	-4.198170
887.000000	-0.024358	-0.000177	-4.198170
888.000000	-0.024407	-0.000178	-4.198170
889.000000	-0.024457	-0.000178	-4.198170
890.000000	-0.024506	-0.000178	-4.198170
891.000000	-0.024556	-0.000179	-4.198170
892.000000	-0.024606	-0.000180	-4.198170
893.000000	-0.024656	-0.000180	-4.198170
894.000000	-0.024706	-0.000180	-4.198170
895.000000	-0.024755	-0.000180	-4.198170
896.000000	-0.024806	-0.000180	-4.198170
897.000000	-0.024855	-0.000180	-4.198170
898.000000	-0.024906	-0.000180	-4.198170
899.000000	-0.024956	-0.000182	-4.198170
900.000000	-0.025007	-0.000184	-4.198170
901.000000	-0.025059	-0.000185	-4.198170
902.000000	-0.025110	-0.000187	-4.198170
903.000000	-0.025162	-0.000185	-4.198170
904.000000	-0.025213	-0.000185	-4.198170
905.000000	-0.025265	-0.000186	-4.197790
906.000000	-0.025317	-0.000186	-4.198170
907.000000	-0.025369	-0.000187	-4.198170
908.000000	-0.025420	-0.000187	-4.198170
909.000000	-0.025472	-0.000187	-4.197790
910.000000	-0.025524	-0.000186	-4.198170
911.000000	-0.025576	-0.000188	-4.198170
912.000000	-0.025628	-0.000187	-4.198170
913.000000	-0.025685	-0.000204	-4.198170
914.000000	-0.025739	-0.000194	-4.197790
915.000000	-0.025792	-0.000191	-4.197790
916.000000	-0.025846	-0.000195	-4.198170
917.000000	-0.025900	-0.000194	-4.198170
918.000000	-0.025954	-0.000194	-4.197790
919.000000	-0.026008	-0.000193	-4.198170
920.000000	-0.026061	-0.000193	-4.198170
921.000000	-0.026115	-0.000192	-4.198170
922.000000	-0.026169	-0.000194	-4.198170
923.000000	-0.026223	-0.000195	-4.198170
924.000000	-0.026277	-0.000196	-4.198170
925.000000	-0.026332	-0.000195	-4.198170
926.000000	-0.026386	-0.000197	-4.197790
927.000000	-0.026441	-0.000197	-4.198170
928.000000	-0.026496	-0.000197	-4.198170
929.000000	-0.026551	-0.000199	-4.197790
930.000000	-0.026607	-0.000200	-4.197790
931.000000	-0.026662	-0.000200	-4.197790
932.000000	-0.026717	-0.000197	-4.198170
933.000000	-0.026772	-0.000197	-4.198170
934.000000	-0.026827	-0.000199	-4.198170
935.000000	-0.026882	-0.000199	-4.197790
936.000000	-0.026937	-0.000199	-4.198170
937.000000	-0.026993	-0.000201	-4.197790
938.000000	-0.027049	-0.000201	-4.197790
939.000000	-0.027105	-0.000202	-4.197790
940.000000	-0.027161	-0.000203	-4.197790
941.000000	-0.027218	-0.000203	-4.197790
942.000000	-0.027274	-0.000203	-4.198170
943.000000	-0.027332	-0.000206	-4.198170
944.000000	-0.027388	-0.000205	-4.198170
945.000000	-0.027446	-0.000206	-4.198170
946.000000	-0.027503	-0.000207	-4.198170
947.000000	-0.027560	-0.000206	-4.198170
948.000000	-0.027618	-0.000207	-4.198170
949.000000	-0.027676	-0.000208	-4.197790
950.000000	-0.027733	-0.000207	-4.197790
951.000000	-0.027791	-0.000209	-4.197790
952.000000	-0.027849	-0.000209	-4.197790
953.000000	-0.027907	-0.000209	-4.198170
954.000000	-0.027965	-0.000208	-4.197790
955.000000	-0.028024	-0.000210	-4.197790
956.000000	-0.028082	-0.000209	-4.197790
957.000000	-0.028140	-0.000209	-4.198170
958.000000	-0.028198	-0.000209	-4.198170
959.000000	-0.028254	-0.000203	-4.198170
960.000000	-0.028308	-0.000192	-4.197790
961.000000	-0.028361	-0.000192	-4.198170
962.000000	-0.028415	-0.000193	-4.197790
963.000000	-0.028468	-0.000193	-4.198170
964.000000	-0.028522	-0.000192	-4.198170
965.000000	-0.028576	-0.000194	-4.197790
966.000000	-0.028630	-0.000194	-4.198170
967.000000	-0.028685	-0.000198	-4.198170
968.000000	-0.028739	-0.000198	-4.198170
969.000000	-0.028794	-0.000197	-4.198170
970.000000	-0.028849	-0.000196	-4.198170
971.000000	-0.028903	-0.000197	-4.198170
972.000000	-0.028958	-0.000196	-4.198170
973.000000	-0.029012	-0.000196	-4.198170
974.000000	-0.029067	-0.000196	-4.198170
975.000000	-0.029121	-0.000195	-4.198170
976.000000	-0.029175	-0.000197	-4.198170
977.000000	-0.029231	-0.000199	-4.198170
978.000000	-0.029287	-0.000202	-4.198170
979.000000	-0.029343	-0.000203	-4.198170
980.000000	-0.029400	-0.000205	-4.198170
981.000000	-0.029457	-0.000204	-4.198170
982.000000	-0.029513	-0.000204	-4.198170
983.000000	-0.029570	-0.000205	-4.198170
984.000000	-0.029627	-0.000205	-4.198170
985.000000	-0.029685	-0.000207	-4.198170
986.000000	-0.029743	-0.000211	-4.198170
987.000000	-0.029802	-0.000211	-4.198170
988.000000	-0.029862	-0.000215	-4.198170
989.000000	-0.029922	-0.000217	-4.198170
990.000000	-0.029983	-0.000219	-4.198170
991.000000	-0.030043	-0.000217	-4.198170
992.000000	-0.030104	-0.000219	-4.198170
993.000000	-0.030165	-0.000219	-4.198170
994.000000	-0.030226	-0.000218	-4.198170
995.000000	-0.030284	-0.000210	-4.198170
996.000000	-0.030343	-0.000211	-4.198170
997.000000	-0.030401	-0.000210	-4.198170
998.000000	-0.030459	-0.000210	-4.198170
999.000000	-0.030518	-0.000213	-4.198170
1000.000000	-0.030578	-0.000215	-4.198170
1001.000000	-0.030639	-0.000219	-4.198170
1002.000000	-0.030700	-0.000219	-4.198170
1003.000000	-0.030761	-0.000221	-4.198170
1004.000000	-0.030822	-0.000222	-4.198170
1005.000000	-0.030884	-0.000222	-4.198170
1006.000000	-0.030946	-0.000223	-4.198170
1007.000000	-0.031003	-0.000207	-4.197790
1008.000000	-0.031061	-0.000208	-4.198170
1009.000000	-0.031119	-0.000208	-4.198170
1010.000000	-0.031176	-0.000206	-4.198170
1011.000000	-0.031234	-0.000206	-4.198170
1012.000000	-0.031291	-0.000207	-4.198170
1013.000000	-0.031349	-0.000208	-4.198170
1014.000000	-0.031408	-0.000211	-4.198170
1015.000000	-0.031466	-0.000211	-4.198170
1016.000000	-0.031525	-0.000213	-4.198170
1017.000000	-0.031585	-0.000213	-4.198170
1018.000000	-0.031644	-0.000212	-4.197790
1019.000000	-0.031703	-0.000215	-4.197790
1020.000000	-0.031763	-0.000214	-4.197790
1021.000000	-0.031823	-0.000216	-4.197790
1022.000000	-0.031883	-0.000217	-4.197790
1023.000000	-0.031944	-0.000219	-4.197790
1024.000000	-0.032005	-0.000221	-4.198170
1025.000000	-0.032067	-0.000222	-4.198170
1026.000000	-0.032129	-0.000222	-4.198170
1027.000000	-0.032192	-0.000228	-4.198170
1028.000000	-0.032255	-0.000225	-4.197790
1029.000000	-0.032317	-0.000225	-4.197790
1030.000000	-0.032380	-0.000226	-4.197790
1031.000000	-0.032442	-0.000225	-4.197790
1032.000000	-0.032505	-0.000225	-4.198170
1033.000000	-0.032568	-0.000226	-4.197790
1034.000000	-0.032630	-0.000225	-4.198170
1035.000000	-0.032693	-0.000225	-4.198170
1036.000000	-0.032755	-0.000225	-4.198170
1037.000000	-0.032818	-0.000225	-4.197790
1038.000000	-0.032881	-0.000226	-4.198170
1039.000000	-0.032944	-0.000227	-4.198170
1040.000000	-0.033006	-0.000226	-4.198170
1041.000000	-0.033069	-0.000227	-4.198170
1042.000000	-0.033133	-0.000227	-4.198170
1043.000000	-0.033196	-0.000227	-4.198170
1044.000000	-0.033259	-0.000230	-4.198170
1045.000000	-0.033323	-0.000228	-4.197790
1046.000000	-0.033386	-0.000228	-4.197790
1047.000000	-0.033450	-0.000229	-4.198170
1048.000000	-0.033514	-0.000229	-4.198170
1049.000000	-0.033577	-0.000230	-4.198170
1050.000000	-0.033641	-0.000230	-4.198170
1051.000000	-0.033705	-0.000230	-4.197790
1052.000000	-0.033769	-0.000231	-4.198170
1053.000000	-0.033834	-0.000232	-4.198170
1054.000000	-0.033898	-0.000233	-4.198170
1055.000000	-0.033963	-0.000233	-4.198170
1056.000000	-0.034028	-0.000233	-4.197790
1057.000000	-0.034093	-0.000234	-4.198170
1058.000000	-0.034158	-0.000235	-4.198170
1059.000000	-0.034223	-0.000235	-4.198170
1060.000000	-0.034290	-0.000239	-4.198170
1061.000000	-0.034356	-0.000238	-4.197790
1062.000000	-0.034422	-0.000239	-4.197790
1063.000000	-0.034489	-0.000239	-4.197790
1064.000000	-0.034556	-0.000241	-4.197790
1065.000000	-0.034622	-0.000238	-4.197790
1066.000000	-0.034687	-0.000237	-4.197790
1067.000000	-0.034753	-0.000237	-4.197790
1068.000000	-0.034820	-0.000239	-4.197790
1069.000000	-0.034887	-0.000240	-4.197790
1070.000000	-0.034953	-0.000240	-4.197790
1071.000000	-0.035020	-0.000241	-4.197790
1072.000000	-0.035088	-0.000242	-4.197790
1073.000000	-0.035155	-0.000242	-4.197790
1074.000000	-0.035222	-0.000243	-4.197790
1075.000000	-0.035291	-0.000246	-4.198170
1076.000000	-0.035359	-0.000246	-4.198170
1077.000000	-0.035427	-0.000246	-4.198170
1078.000000	-0.035496	-0.000247	-4.198170
1079.000000	-0.035565	-0.000248	-4.197790
1080.000000	-0.035634	-0.000250	-4.198170
1081.000000	-0.035704	-0.000251	-4.198170
1082.000000	-0.035773	-0.000250	-4.198170
1083.000000	-0.035843	-0.000250	-4.198170
1084.000000	-0.035913	-0.000252	-4.198170
1085.000000	-0.035983	-0.000252	-4.198170
1086.000000	-0.036053	-0.000252	-4.198170
1087.000000	-0.036123	-0.000253	-4.197790
1088.000000	-0.036194	-0.000256	-4.197790
1089.000000	-0.036265	-0.000256	-4.197790
1090.000000	-0.036337	-0.000257	-4.197790
1091.000000	-0.036407	-0.000253	-4.197790
1092.000000	-0.036477	-0.000252	-4.197790
1093.000000	-0.036549	-0.000259	-4.197790
1094.000000	-0.036620	-0.000254	-4.197790
1095.000000	-0.036690	-0.000255	-4.197790
1096.000000	-0.036761	-0.000255	-4.198170
1097.000000	-0.036832	-0.000255	-4.197790
1098.000000	-0.036903	-0.000256	-4.198170
1099.000000	-0.036974	-0.000254	-4.197790
1100.000000	-0.037045	-0.000257	-4.197790
1101.000000	-0.037117	-0.000258	-4.197790
1102.000000	-0.037188	-0.000256	-4.198170
1103.000000	-0.037259	-0.000257	-4.197790
1104.000000	-0.037331	-0.000257	-4.198170
1105.000000	-0.037402	-0.000257	-4.198170
1106.000000	-0.037474	-0.000258	-4.198170
1107.000000	-0.037546	-0.000259	-4.198170
1108.000000	-0.037618	-0.000260	-4.198170
1109.000000	-0.037690	-0.000259	-4.198170
1110.000000	-0.037761	-0.000257	-4.197790
1111.000000	-0.037833	-0.000258	-4.197790
1112.000000	-0.037906	-0.000262	-4.197790
1113.000000	-0.037978	-0.000263	-4.198170
1114.000000	-0.038051	-0.000261	-4.198170
1115.000000	-0.038123	-0.000260	-4.197790
1116.000000	-0.038196	-0.000263	-4.197790
1117.000000	-0.038268	-0.000259	-4.197790
1118.000000	-0.038339	-0.000256	-4.197790
1119.000000	-0.038411	-0.000258	-4.198170
1120.000000	-0.038483	-0.000259	-4.198170
1121.000000	-0.038554	-0.000258	-4.197790
1122.000000	-0.038626	-0.000257	-4.198170
1123.000000	-0.038697	-0.000256	-4.198170
1124.000000	-0.038768	-0.000256	-4.198170
1125.000000	-0.038840	-0.000260	-4.198170
1126.000000	-0.038913	-0.000261	-4.198170
1127.000000	-0.038985	-0.000261	-4.198170
1128.000000	-0.039059	-0.000264	-4.197790
1129.000000	-0.039132	-0.000263	-4.198170
1130.000000	-0.039206	-0.000267	-4.198170
1131.000000	-0.039270	-0.000231	-4.198170
1132.000000	-0.039335	-0.000234	-4.198170
1133.000000	-0.039401	-0.000237	-4.198170
1134.000000	-0.039468	-0.000244	-4.198170
1135.000000	-0.039538	-0.000249	-4.198170
1136.000000	-0.039607	-0.000250	-4.198170
1137.000000	-0.039677	-0.000252	-4.198170
1138.000000	-0.039748	-0.000256	-4.198170
1139.000000	-0.039820	-0.000258	-4.198170
1140.000000	-0.039892	-0.000260	-4.198170
1141.000000	-0.039964	-0.000260	-4.197790
1142.000000	-0.040035	-0.000255	-4.197790
1143.000000	-0.040106	-0.000256	-4.197790
1144.000000	-0.040182	-0.000273	-4.197790
1145.000000	-0.040256	-0.000269	-4.197790
1146.000000	-0.040332	-0.000274	-4.197790
1147.000000	-0.040411	-0.000281	-4.197790
1148.000000	-0.040477	-0.000240	-4.197790
1149.000000	-0.040541	-0.000230	-4.197790
1150.000000	-0.040606	-0.000235	-4.197790
1151.000000	-0.040673	-0.000239	-4.197790
1152.000000	-0.040752	-0.000283	-4.197790
1153.000000	-0.040830	-0.000282	-4.197790
1154.000000	-0.040908	-0.000282	-4.197790
1155.000000	-0.040986	-0.000281	-4.197790
1156.000000	-0.041065	-0.000282	-4.197790
1157.000000	-0.041143	-0.000281	-4.197790
1158.000000	-0.041221	-0.000281	-4.198170
1159.000000	-0.041297	-0.000275	-4.198170
1160.000000	-0.041373	-0.000273	-4.197790
1161.000000	-0.041449	-0.000273	-4.197790
1162.000000	-0.041526	-0.000276	-4.197790
1163.000000	-0.041603	-0.000277	-4.197790
1164.000000	-0.041679	-0.000275	-4.197790
1165.000000	-0.041756	-0.000275	-4.197790
1166.000000	-0.041832	-0.000276	-4.197790
1167.000000	-0.041909	-0.000276	-4.197790
1168.000000	-0.041985	-0.000275	-4.197790
1169.000000	-0.042065	-0.000287	-4.198170
1170.000000	-0.042147	-0.000294	-4.197790
1171.000000	-0.042230	-0.000300	-4.197790
1172.000000	-0.042316	-0.000311	-4.198170
1173.000000	-0.042406	-0.000324	-4.198170
1174.000000	-0.042500	-0.000338	-4.198170
1175.000000	-0.042596	-0.000344	-4.198170
1176.000000	-0.042704	-0.000390	-4.198170
1177.000000	-0.042830	-0.000454	-4.198170
1178.000000	-0.042962	-0.000473	-4.198170
1179.000000	-0.043104	-0.000512	-4.198170
1180.000000	-0.043236	-0.000473	-4.198170
1181.000000	-0.043358	-0.000440	-4.198170
1182.000000	-0.043485	-0.000458	-4.198170
1183.000000	-0.043643	-0.000568	-4.198170
1184.000000	-0.043806	-0.000588	-4.198170
1185.000000	-0.043942	-0.000488	-4.198170
1186.000000	-0.044081	-0.000503	-4.198170
1187.000000	-0.044244	-0.000586	-4.198170
1188.000000	-0.044372	-0.000462	-4.198170
1189.000000	-0.044509	-0.000491	-4.198170
1190.000000	-0.044627	-0.000426	-4.198170
1191.000000	-0.044731	-0.000373	-4.198170
1192.000000	-0.044834	-0.000373	-4.197790
1193.000000	-0.044946	-0.000401	-4.198170
1194.000000	-0.045037	-0.000329	-4.197790
1195.000000	-0.045122	-0.000307	-4.198170
1196.000000	-0.045202	-0.000287	-4.198170
1197.000000	-0.045280	-0.000283	-4.197790
1198.000000	-0.045359	-0.000282	-4.197790
1199.000000	-0.045435	-0.000276	-4.198170
1200.000000	-0.045511	-0.000274	-4.197790
1201.000000	-0.045587	-0.000270	-4.197790
1202.000000	-0.045664	-0.000278	-4.197790
1203.000000	-0.045741	-0.000276	-4.198170
1204.000000	-0.045817	-0.000273	-4.197790
1205.000000	-0.045893	-0.000274	-4.197790
1206.000000	-0.045969	-0.000274	-4.198170
1207.000000	-0.046047	-0.000282	-4.197790
1208.000000	-0.046131	-0.000303	-4.197790
1209.000000	-0.046219	-0.000315	-4.197790
1210.000000	-0.046303	-0.000303	-4.197790
1211.000000	-0.046383	-0.000289	-4.197790
1212.000000	-0.046467	-0.000300	-4.197790
1213.000000	-0.046550	-0.000300	-4.197790
1214.000000	-0.046634	-0.000302	-4.197790
1215.000000	-0.046723	-0.000320	-4.197790
1216.000000	-0.046805	-0.000298	-4.198170
1217.000000	-0.046883	-0.000280	-4.198170
1218.000000	-0.046962	-0.000283	-4.198170
1219.000000	-0.047041	-0.000284	-4.198170
1220.000000	-0.047120	-0.000286	-4.197790
1221.000000	-0.047199	-0.000285	-4.197790
1222.000000	-0.047283	-0.000300	-4.197790
1223.000000	-0.047364	-0.000294	-4.197790
1224.000000	-0.047447	-0.000298	-4.197790
1225.000000	-0.047529	-0.000295	-4.198170
1226.000000	-0.047613	-0.000300	-4.198170
1227.000000	-0.047696	-0.000300	-4.198170
1228.000000	-0.047778	-0.000296	-4.198170
1229.000000	-0.047861	-0.000297	-4.198170
1230.000000	-0.047945	-0.000302	-4.198170
1231.000000	-0.048029	-0.000303	-4.198170
1232.000000	-0.048111	-0.000296	-4.198170
1233.000000	-0.048194	-0.000297	-4.198170
1234.000000	-0.048277	-0.000299	-4.198170
1235.000000	-0.048360	-0.000300	-4.198170
1236.000000	-0.048445	-0.000305	-4.198170
1237.000000	-0.048530	-0.000306	-4.198170
1238.000000	-0.048614	-0.000304	-4.198170
1239.000000	-0.048698	-0.000301	-4.198170
1240.000000	-0.048783	-0.000308	-4.198170
1241.000000	-0.048869	-0.000306	-4.198170
1242.000000	-0.048953	-0.000304	-4.198170
1243.000000	-0.049036	-0.000299	-4.198170
1244.000000	-0.049121	-0.000305	-4.198170
1245.000000	-0.049205	-0.000304	-4.198170
1246.000000	-0.049290	-0.000304	-4.198170
1247.000000	-0.049375	-0.000307	-4.198170
1248.000000	-0.049459	-0.000302	-4.198170
1249.000000	-0.049542	-0.000297	-4.198170
1250.000000	-0.049624	-0.000296	-4.198170
1251.000000	-0.049707	-0.000301	-4.198170
1252.000000	-0.049790	-0.000299	-4.198170
1253.000000	-0.049873	-0.000300	-4.198170
1254.000000	-0.049957	-0.000299	-4.198170
1255.000000	-0.050040	-0.000300	-4.198170
1256.000000	-0.050123	-0.000298	-4.198170
1257.000000	-0.050206	-0.000300	-4.198170
1258.000000	-0.050289	-0.000299	-4.198170
1259.000000	-0.050372	-0.000298	-4.198170
1260.000000	-0.050455	-0.000298	-4.198170
1261.000000	-0.050537	-0.000297	-4.198170
1262.000000	-0.050620	-0.000297	-4.198170
1263.000000	-0.050702	-0.000297	-4.198170
1264.000000	-0.050785	-0.000300	-4.198170
1265.000000	-0.050869	-0.000300	-4.198170
1266.000000	-0.050951	-0.000298	-4.198170
1267.000000	-0.051034	-0.000299	-4.198170
1268.000000	-0.051117	-0.000297	-4.198170
1269.000000	-0.051198	-0.000294	-4.198170
1270.000000	-0.051281	-0.000299	-4.198170
1271.000000	-0.051364	-0.000297	-4.198170
1272.000000	-0.051446	-0.000296	-4.198170
1273.000000	-0.051529	-0.000297	-4.198170
1274.000000	-0.051611	-0.000295	-4.198170
1275.000000	-0.051691	-0.000290	-4.197790
1276.000000	-0.051772	-0.000292	-4.197790
1277.000000	-0.051853	-0.000291	-4.197790
1278.000000	-0.051934	-0.000293	-4.198170
1279.000000	-0.052015	-0.000289	-4.198170
1280.000000	-0.052094	-0.000287	-4.198170
1281.000000	-0.052174	-0.000287	-4.198170
1282.000000	-0.052254	-0.000289	-4.198170
1283.000000	-0.052337	-0.000297	-4.198170
1284.000000	-0.052418	-0.000294	-4.198170
1285.000000	-0.052499	-0.000289	-4.198170
1286.000000	-0.052580	-0.000291	-4.198170
1287.000000	-0.052661	-0.000292	-4.198170
1288.000000	-0.052741	-0.000290	-4.198170
1289.000000	-0.052821	-0.000289	-4.198170
1290.000000	-0.052901	-0.000288	-4.198170
1291.000000	-0.052982	-0.000291	-4.198170
1292.000000	-0.053063	-0.000290	-4.198170
1293.000000	-0.053144	-0.000292	-4.198170
1294.000000	-0.053226	-0.000296	-4.198170
1295.000000	-0.053307	-0.000291	-4.198170
1296.000000	-0.053388	-0.000293	-4.197790
1297.000000	-0.053468	-0.000288	-4.198170
1298.000000	-0.053549	-0.000290	-4.198170
1299.000000	-0.053630	-0.000293	-4.198170
1300.000000	-0.053711	-0.000292	-4.198170
1301.000000	-0.053792	-0.000291	-4.198170
1302.000000	-0.053872	-0.000288	-4.198170
1303.000000	-0.053953	-0.000294	-4.198170
1304.000000	-0.054035	-0.000293	-4.198170
1305.000000	-0.054116	-0.000293	-4.198170
1306.000000	-0.054197	-0.000294	-4.198170
1307.000000	-0.054279	-0.000293	-4.198170
1308.000000	-0.054361	-0.000295	-4.198170
1309.000000	-0.054442	-0.000293	-4.198170
1310.000000	-0.054524	-0.000295	-4.198170
1311.000000	-0.054605	-0.000291	-4.198170
1312.000000	-0.054686	-0.000293	-4.198170
1313.000000	-0.054768	-0.000295	-4.198170
1314.000000	-0.054850	-0.000294	-4.197790
1315.000000	-0.054932	-0.000294	-4.197790
1316.000000	-0.055013	-0.000293	-4.198170
1317.000000	-0.055095	-0.000294	-4.198170
1318.000000	-0.055176	-0.000292	-4.198170
1319.000000	-0.055257	-0.000293	-4.198170
1320.000000	-0.055338	-0.000290	-4.198170
1321.000000	-0.055419	-0.000293	-4.198170
1322.000000	-0.055500	-0.000292	-4.197790
1323.000000	-0.055581	-0.000292	-4.197790
1324.000000	-0.055662	-0.000292	-4.198170
1325.000000	-0.055744	-0.000292	-4.198170
1326.000000	-0.055825	-0.000293	-4.198170
1327.000000	-0.055906	-0.000291	-4.197790
1328.000000	-0.055988	-0.000294	-4.198170
1329.000000	-0.056069	-0.000294	-4.197790
1330.000000	-0.056150	-0.000292	-4.197790
1331.000000	-0.056231	-0.000292	-4.197790
1332.000000	-0.056313	-0.000293	-4.197790
1333.000000	-0.056395	-0.000294	-4.197790
1334.000000	-0.056476	-0.000294	-4.197790
1335.000000	-0.056560	-0.000301	-4.198170
1336.000000	-0.056647	-0.000315	-4.197790
1337.000000	-0.056734	-0.000310	-4.197790
1338.000000	-0.056820	-0.000310	-4.197790
1339.000000	-0.056907	-0.000316	-4.197790
1340.000000	-0.056994	-0.000313	-4.197790
1341.000000	-0.057081	-0.000310	-4.197790
1342.000000	-0.057171	-0.000325	-4.197790
1343.000000	-0.057260	-0.000321	-4.197790
1344.000000	-0.057352	-0.000329	-4.198170
1345.000000	-0.057440	-0.000319	-4.197790
1346.000000	-0.057532	-0.000330	-4.197790
1347.000000	-0.057620	-0.000319	-4.197790
1348.000000	-0.057713	-0.000334	-4.197790
1349.000000	-0.057808	-0.000343	-4.197790
1350.000000	-0.057905	-0.000348	-4.197790
1351.000000	-0.058002	-0.000351	-4.198170
1352.000000	-0.058098	-0.000345	-4.198170
1353.000000	-0.058196	-0.000352	-4.198170
1354.000000	-0.058294	-0.000352	-4.198170
1355.000000	-0.058392	-0.000354	-4.198170
1356.000000	-0.058491	-0.000357	-4.197790
1357.000000	-0.058591	-0.000358	-4.198170
1358.000000	-0.058691	-0.000361	-4.198170
1359.000000	-0.058792	-0.000362	-4.198170
1360.000000	-0.058892	-0.000362	-4.197790
1361.000000	-0.058994	-0.000367	-4.198170
1362.000000	-0.059097	-0.000369	-4.198170
1363.000000	-0.059203	-0.000381	-4.198170
1364.000000	-0.059312	-0.000393	-4.198170
1365.000000	-0.059422	-0.000398	-4.198170
1366.000000	-0.059534	-0.000403	-4.198170
1367.000000	-0.059648	-0.000408	-4.198170
1368.000000	-0.059759	-0.000400	-4.198170
1369.000000	-0.059872	-0.000409	-4.198170
1370.000000	-0.059988	-0.000415	-4.198170
1371.000000	-0.060116	-0.000462	-4.198170
1372.000000	-0.060232	-0.000416	-4.198170
1373.000000	-0.060350	-0.000427	-4.198170
1374.000000	-0.060469	-0.000426	-4.198170
1375.000000	-0.060589	-0.000433	-4.198170
1376.000000	-0.060710	-0.000435	-4.198170
1377.000000	-0.060832	-0.000440	-4.198170
1378.000000	-0.060954	-0.000441	-4.198170
1379.000000	-0.061080	-0.000453	-4.198170
1380.000000	-0.061205	-0.000448	-4.198170
1381.000000	-0.061417	-0.000763	-4.198170
1382.000000	-0.061655	-0.000859	-4.198170
1383.000000	-0.061923	-0.000964	-4.198170
1384.000000	-0.062197	-0.000988	-4.198170
1385.000000	-0.062496	-0.001074	-4.198170
1386.000000	-0.062823	-0.001177	-4.198170
1387.000000	-0.063136	-0.001129	-4.198170
1388.000000	-0.063457	-0.001153	-4.198170
1389.000000	-0.063857	-0.001442	-4.198170
1390.000000	-0.064165	-0.001108	-4.198170
1391.000000	-0.064483	-0.001145	-4.198170
1392.000000	-0.064669	-0.000668	-4.198170
1393.000000	-0.064895	-0.000817	-4.198170
1394.000000	-0.065137	-0.000870	-4.198170
1395.000000	-0.065388	-0.000903	-4.198170
1396.000000	-0.065575	-0.000673	-4.198170
1397.000000	-0.065757	-0.000654	-4.198170
1398.000000	-0.065936	-0.000647	-4.198170
1399.000000	-0.066111	-0.000630	-4.197790
1400.000000	-0.066278	-0.000599	-4.198170
1401.000000	-0.066448	-0.000612	-4.198170
1402.000000	-0.066617	-0.000610	-4.198170
1403.000000	-0.066787	-0.000613	-4.198170
1404.000000	-0.066960	-0.000621	-4.198170
1405.000000	-0.067130	-0.000612	-4.198170
1406.000000	-0.067301	-0.000615	-4.198170
1407.000000	-0.067474	-0.000623	-4.198170
1408.000000	-0.067646	-0.000622	-4.198170
1409.000000	-0.067821	-0.000628	-4.198170
1410.000000	-0.067998	-0.000637	-4.197790
1411.000000	-0.068177	-0.000646	-4.198170
1412.000000	-0.068356	-0.000645	-4.198170
1413.000000	-0.068537	-0.000649	-4.198170
1414.000000	-0.068722	-0.000667	-4.198170
1415.000000	-0.068925	-0.000731	-4.198170
1416.000000	-0.069118	-0.000696	-4.197790
1417.000000	-0.069308	-0.000684	-4.197790
1418.000000	-0.069502	-0.000695	-4.197790
1419.000000	-0.069693	-0.000690	-4.197790
1420.000000	-0.069885	-0.000691	-4.197790
1421.000000	-0.070093	-0.000749	-4.198170
1422.000000	-0.070293	-0.000719	-4.198170
1423.000000	-0.070497	-0.000735	-4.198170
1424.000000	-0.070703	-0.000742	-4.198170
1425.000000	-0.070987	-0.001024	-4.198170
1426.000000	-0.071313	-0.001172	-4.198170
1427.000000	-0.071644	-0.001193	-4.198170
1428.000000	-0.071933	-0.001040	-4.198170
1429.000000	-0.072238	-0.001099	-4.198170
1430.000000	-0.072532	-0.001058	-4.198170
1431.000000	-0.072832	-0.001080	-4.198170
1432.000000	-0.073134	-0.001086	-4.198170
1433.000000	-0.073441	-0.001105	-4.198170
1434.000000	-0.073743	-0.001089	-4.198170
1435.000000	-0.074050	-0.001104	-4.198170
1436.000000	-0.074382	-0.001197	-4.198170
1437.000000	-0.074703	-0.001154	-4.198170
1438.000000	-0.074904	-0.000724	-4.197790
1439.000000	-0.075101	-0.000709	-4.197790
1440.000000	-0.075298	-0.000710	-4.198170
1441.000000	-0.075499	-0.000722	-4.198170
1442.000000	-0.075700	-0.000725	-4.197790
1443.000000	-0.075901	-0.000721	-4.198170
1444.000000	-0.076098	-0.000710	-4.198170
1445.000000	-0.076296	-0.000713	-4.198170
1446.000000	-0.076501	-0.000738	-4.198170
1447.000000	-0.076708	-0.000744	-4.198170
1448.000000	-0.076920	-0.000766	-4.198170
1449.000000	-0.077132	-0.000763	-4.198170
1450.000000	-0.077349	-0.000779	-4.198170
1451.000000	-0.077566	-0.000783	-4.198170
1452.000000	-0.077784	-0.000786	-4.198170
1453.000000	-0.078015	-0.000831	-4.198170
1454.000000	-0.078248	-0.000839	-4.198170
1455.000000	-0.078483	-0.000846	-4.198170
1456.000000	-0.078715	-0.000833	-4.198170
1457.000000	-0.078943	-0.000823	-4.198170
1458.000000	-0.079172	-0.000824	-4.198170
1459.000000	-0.079408	-0.000847	-4.198170
1460.000000	-0.079646	-0.000857	-4.198170
1461.000000	-0.079884	-0.000860	-4.198170
1462.000000	-0.080117	-0.000837	-4.198170
1463.000000	-0.080353	-0.000851	-4.198170
1464.000000	-0.080589	-0.000849	-4.198170
1465.000000	-0.080821	-0.000836	-4.198170
1466.000000	-0.081059	-0.000857	-4.198170
1467.000000	-0.081296	-0.000851	-4.198170
1468.000000	-0.081537	-0.000868	-4.198170
1469.000000	-0.081779	-0.000872	-4.198170
1470.000000	-0.082021	-0.000869	-4.198170
1471.000000	-0.082266	-0.000885	-4.198170
1472.000000	-0.082515	-0.000894	-4.198170
1473.000000	-0.082766	-0.000905	-4.198170
1474.000000	-0.083018	-0.000908	-4.198170
1475.000000	-0.083274	-0.000922	-4.198170
1476.000000	-0.083528	-0.000915	-4.198170
1477.000000	-0.083786	-0.000927	-4.198170
1478.000000	-0.084042	-0.000923	-4.198170
1479.000000	-0.084299	-0.000923	-4.198170
1480.000000	-0.084553	-0.000914	-4.198170
1481.000000	-0.084807	-0.000915	-4.197790
1482.000000	-0.085065	-0.000931	-4.198170
1483.000000	-0.085329	-0.000951	-4.198170
1484.000000	-0.085812	-0.001736	-4.198170
1485.000000	-0.086083	-0.000976	-4.198170
1486.000000	-0.086355	-0.000980	-4.198170
1487.000000	-0.086620	-0.000955	-4.198170
1488.000000	-0.087059	-0.001578	-4.198170
1489.000000	-0.087301	-0.000874	-4.197790
1490.000000	-0.087595	-0.001059	-4.198170
1491.000000	-0.087903	-0.001107	-4.198170
1492.000000	-0.088219	-0.001140	-4.198170
1493.000000	-0.088540	-0.001153	-4.198170
1494.000000	-0.088863	-0.001165	-4.198170
1495.000000	-0.089189	-0.001172	-4.198170
1496.000000	-0.089518	-0.001186	-4.198170
1497.000000	-0.089851	-0.001198	-4.198170
1498.000000	-0.090185	-0.001203	-4.198170
1499.000000	-0.090517	-0.001194	-4.198170
1500.000000	-0.090854	-0.001215	-4.198170
1501.000000	-0.091194	-0.001222	-4.198170
1502.000000	-0.091537	-0.001235	-4.198170
1503.000000	-0.091881	-0.001239	-4.198170
1504.000000	-0.092229	-0.001252	-4.198170
1505.000000	-0.092575	-0.001247	-4.198170
1506.000000	-0.092924	-0.001257	-4.198170
1507.000000	-0.093278	-0.001275	-4.198170
1508.000000	-0.093634	-0.001281	-4.198170
1509.000000	-0.093988	-0.001273	-4.198170
1510.000000	-0.094342	-0.001276	-4.198170
1511.000000	-0.094699	-0.001284	-4.198170
1512.000000	-0.095016	-0.001140	-4.198170
1513.000000	-0.095316	-0.001081	-4.198170
1514.000000	-0.095627	-0.001119	-4.198170
1515.000000	-0.095937	-0.001118	-4.198170
1516.000000	-0.096258	-0.001155	-4.198170
1517.000000	-0.096586	-0.001181	-4.198170
1518.000000	-0.096899	-0.001126	-4.198170
1519.000000	-0.097206	-0.001107	-4.198170
1520.000000	-0.097520	-0.001128	-4.198170
1521.000000	-0.097832	-0.001123	-4.198170
1522.000000	-0.098143	-0.001122	-4.198170
1523.000000	-0.098454	-0.001119	-4.198170
1524.000000	-0.098767	-0.001125	-4.198170
1525.000000	-0.099083	-0.001139	-4.198170
1526.000000	-0.099420	-0.001212	-4.198170
1527.000000	-0.099768	-0.001254	-4.198170
1528.000000	-0.100117	-0.001256	-4.198170
1529.000000	-0.100467	-0.001261	-4.198170
1530.000000	-0.100816	-0.001257	-4.198170
1531.000000	-0.101165	-0.001257	-4.198170
1532.000000	-0.101516	-0.001262	-4.198170
1533.000000	-0.101866	-0.001261	-4.198170
1534.000000	-0.102221	-0.001276	-4.198170
1535.000000	-0.102580	-0.001293	-4.198170
1536.000000	-0.102881	-0.001084	-4.198170
1537.000000	-0.103218	-0.001213	-4.198170
1538.000000	-0.103556	-0.001218	-4.198170
1539.000000	-0.103895	-0.001221	-4.198170
1540.000000	-0.104232	-0.001210	-4.198170
1541.000000	-0.104534	-0.001090	-4.198170
1542.000000	-0.104839	-0.001096	-4.198170
1543.000000	-0.105231	-0.001413	-4.198170
1544.000000	-0.105682	-0.001621	-4.198170
1545.000000	-0.106136	-0.001636	-4.198170
1546.000000	-0.106568	-0.001556	-4.198170
1547.000000	-0.107023	-0.001636	-4.198170
1548.000000	-0.107337	-0.001130	-4.198170
1549.000000	-0.107649	-0.001124	-4.198170
1550.000000	-0.107963	-0.001130	-4.198170
1551.000000	-0.108274	-0.001119	-4.198170
1552.000000	-0.108586	-0.001125	-4.198170
1553.000000	-0.108894	-0.001106	-4.198170
1554.000000	-0.109202	-0.001109	-4.197790
1555.000000	-0.109491	-0.001043	-4.198170
1556.000000	-0.109762	-0.000975	-4.197790
1557.000000	-0.110029	-0.000961	-4.197790
1558.000000	-0.110291	-0.000941	-4.197790
1559.000000	-0.110556	-0.000955	-4.197790
1560.000000	-0.110857	-0.001085	-4.198170
1561.000000	-0.111161	-0.001093	-4.197790
1562.000000	-0.111462	-0.001083	-4.198170
1563.000000	-0.111762	-0.001079	-4.197790
1564.000000	-0.112062	-0.001082	-4.197790
1565.000000	-0.112362	-0.001080	-4.197790
1566.000000	-0.112661	-0.001076	-4.197790
1567.000000	-0.112959	-0.001072	-4.198170
1568.000000	-0.113257	-0.001074	-4.198170
1569.000000	-0.113557	-0.001080	-4.198170
1570.000000	-0.113857	-0.001081	-4.198170
1571.000000	-0.114159	-0.001087	-4.198170
1572.000000	-0.114460	-0.001084	-4.198170
1573.000000	-0.114762	-0.001086	-4.198170
1574.000000	-0.115060	-0.001074	-4.198170
1575.000000	-0.115353	-0.001054	-4.198170
1576.000000	-0.115647	-0.001058	-4.198170
1577.000000	-0.115940	-0.001055	-4.198170
1578.000000	-0.116234	-0.001059	-4.198170
1579.000000	-0.116530	-0.001065	-4.198170
1580.000000	-0.116810	-0.001006	-4.198170
1581.000000	-0.116995	-0.000668	-4.198170
1582.000000	-0.117179	-0.000661	-4.198170
1583.000000	-0.117398	-0.000790	-4.198170
1584.000000	-0.117583	-0.000666	-4.198170
1585.000000	-0.117776	-0.000696	-4.198170
1586.000000	-0.117970	-0.000697	-4.198170
1587.000000	-0.118163	-0.000695	-4.198170
1588.000000	-0.118349	-0.000670	-4.198170
1589.000000	-0.118537	-0.000676	-4.198170
1590.000000	-0.118727	-0.000685	-4.198170
1591.000000	-0.118916	-0.000679	-4.198170
1592.000000	-0.119102	-0.000670	-4.198170
1593.000000	-0.119290	-0.000678	-4.198170
1594.000000	-0.119474	-0.000664	-4.198170
1595.000000	-0.119672	-0.000711	-4.198170
1596.000000	-0.119866	-0.000697	-4.198170
1597.000000	-0.120056	-0.000686	-4.198170
1598.000000	-0.120254	-0.000714	-4.198170
1599.000000	-0.120454	-0.000718	-4.198170
1600.000000	-0.120634	-0.000650	-4.198170
1601.000000	-0.120848	-0.000768	-4.198170
1602.000000	-0.121063	-0.000776	-4.198170
1603.000000	-0.121279	-0.000776	-4.198170
1604.000000	-0.121495	-0.000779	-4.198170
1605.000000	-0.121705	-0.000754	-4.198170
1606.000000	-0.121937	-0.000838	-4.198170
1607.000000	-0.122171	-0.000839	-4.198170
1608.000000	-0.122394	-0.000804	-4.198170
1609.000000	-0.122616	-0.000799	-4.198170
1610.000000	-0.122837	-0.000798	-4.198170
1611.000000	-0.123074	-0.000851	-4.198170
1612.000000	-0.123427	-0.001272	-4.198170
1613.000000	-0.123600	-0.000622	-4.198170
1614.000000	-0.123752	-0.000548	-4.198170
1615.000000	-0.123905	-0.000552	-4.198170
1616.000000	-0.124062	-0.000562	-4.198170
1617.000000	-0.124219	-0.000568	-4.198170
1618.000000	-0.124380	-0.000578	-4.198170
1619.000000	-0.124542	-0.000583	-4.198170
1620.000000	-0.124717	-0.000630	-4.198170
1621.000000	-0.124900	-0.000659	-4.198170
1622.000000	-0.125074	-0.000627	-4.198170
1623.000000	-0.125250	-0.000633	-4.198170
1624.000000	-0.125434	-0.000662	-4.198170
1625.000000	-0.125621	-0.000671	-4.198170
1626.000000	-0.125795	-0.000628	-4.198170
1627.000000	-0.126009	-0.000771	-4.198170
1628.000000	-0.126296	-0.001031	-4.198170
1629.000000	-0.126627	-0.001193	-4.198170
1630.000000	-0.126959	-0.001196	-4.198170
1631.000000	-0.127308	-0.001256	-4.198170
1632.000000	-0.127651	-0.001234	-4.198170
1633.000000	-0.128005	-0.001275	-4.198170
1634.000000	-0.128376	-0.001336	-4.198170
1635.000000	-0.128755	-0.001366	-4.198170
1636.000000	-0.129159	-0.001452	-4.198170
1637.000000	-0.129911	-0.002708	-4.198170
1638.000000	-0.130141	-0.000829	-4.198170
1639.000000	-0.130728	-0.002113	-4.197790
1640.000000	-0.131363	-0.002285	-4.198170
1641.000000	-0.132555	-0.004289	-4.197790
1642.000000	-0.133589	-0.003725	-4.197790
1643.000000	-0.135515	-0.006933	-4.198170
1644.000000	-0.137272	-0.006326	-4.198170
1645.000000	-0.138844	-0.005660	-4.198170
1646.000000	-0.139045	-0.000724	-4.197790
1647.000000	-0.139218	-0.000621	-4.197790
1648.000000	-0.139383	-0.000595	-4.197790
1649.000000	-0.139538	-0.000558	-4.197790
1650.000000	-0.139727	-0.000678	-4.197790
1651.000000	-0.139915	-0.000679	-4.197790
1652.000000	-0.140095	-0.000646	-4.197790
1653.000000	-0.140281	-0.000670	-4.198170
1654.000000	-0.140531	-0.000903	-4.197790
1655.000000	-0.140788	-0.000922	-4.198170
1656.000000	-0.141014	-0.000817	-4.198170
1657.000000	-0.141195	-0.000652	-4.198170
1658.000000	-0.141380	-0.000665	-4.198170
1659.000000	-0.141551	-0.000615	-4.198170
1660.000000	-0.141731	-0.000647	-4.198170
1661.000000	-0.142005	-0.000987	-4.197790
1662.000000	-0.142543	-0.001938	-4.198170
1663.000000	-0.143103	-0.002015	-4.198170
1664.000000	-0.143682	-0.002085	-4.197790
1665.000000	-0.144267	-0.002106	-4.197790
1666.000000	-0.144888	-0.002235	-4.197790
1667.000000	-0.145541	-0.002350	-4.197790
1668.000000	-0.146030	-0.001761	-4.197790
1669.000000	-0.146748	-0.002584	-4.197790
1670.000000	-0.147422	-0.002428	-4.197790
1671.000000	-0.148029	-0.002184	-4.198170
1672.000000	-0.148664	-0.002288	-4.197790
1673.000000	-0.149337	-0.002422	-4.197790
1674.000000	-0.150048	-0.002559	-4.197790
1675.000000	-0.150786	-0.002657	-4.197790
1676.000000	-0.151533	-0.002688	-4.197790
1677.000000	-0.152286	-0.002712	-4.197790
1678.000000	-0.153050	-0.002749	-4.198170
1679.000000	-0.153819	-0.002769	-4.197790
1680.000000	-0.154596	-0.002799	-4.197790
1681.000000	-0.155379	-0.002818	-4.197790
1682.000000	-0.155564	-0.000667	-4.197790
1683.000000	-0.155746	-0.000655	-4.197790
1684.000000	-0.155928	-0.000655	-4.197790
1685.000000	-0.156298	-0.001332	-4.197790
1686.000000	-0.156708	-0.001475	-4.197790
1687.000000	-0.157202	-0.001779	-4.197790
1688.000000	-0.157630	-0.001542	-4.197790
1689.000000	-0.158057	-0.001537	-4.197790
1690.000000	-0.158488	-0.001550	-4.197790
1691.000000	-0.158917	-0.001545	-4.197790
1692.000000	-0.159337	-0.001513	-4.197790
1693.000000	-0.159760	-0.001521	-4.198170
1694.000000	-0.160185	-0.001531	-4.197790
1695.000000	-0.160617	-0.001554	-4.198170
1696.000000	-0.161051	-0.001563	-4.198170
1697.000000	-0.161487	-0.001569	-4.197790
1698.000000	-0.161925	-0.001577	-4.198170
1699.000000	-0.162364	-0.001582	-4.198170
1700.000000	-0.162805	-0.001586	-4.198170
1701.000000	-0.163246	-0.001588	-4.198170
1702.000000	-0.163686	-0.001583	-4.198170
1703.000000	-0.164122	-0.001569	-4.198170
1704.000000	-0.164555	-0.001560	-4.198170
1705.000000	-0.164988	-0.001559	-4.198170
1706.000000	-0.165423	-0.001565	-4.197790
1707.000000	-0.165860	-0.001573	-4.197790
1708.000000	-0.166297	-0.001576	-4.197790
1709.000000	-0.166736	-0.001579	-4.197790
1710.000000	-0.167176	-0.001583	-4.197790
1711.000000	-0.167615	-0.001582	-4.198170
1712.000000	-0.168043	-0.001539	-4.198170
1713.000000	-0.168479	-0.001571	-4.198170
1714.000000	-0.168915	-0.001571	-4.198170
1715.000000	-0.169328	-0.001484	-4.198170
1716.000000	-0.169767	-0.001582	-4.198170
1717.000000	-0.170205	-0.001577	-4.198170
1718.000000	-0.170641	-0.001569	-4.198170
1719.000000	-0.171075	-0.001562	-4.198170
1720.000000	-0.171511	-0.001571	-4.198170
1721.000000	-0.171950	-0.001580	-4.198170
1722.000000	-0.172391	-0.001588	-4.198170
1723.000000	-0.172836	-0.001602	-4.198170
1724.000000	-0.173288	-0.001626	-4.198170
1725.000000	-0.173742	-0.001635	-4.198170
1726.000000	-0.174205	-0.001666	-4.198170
1727.000000	-0.174671	-0.001678	-4.198170
1728.000000	-0.175139	-0.001684	-4.198170
1729.000000	-0.175605	-0.001677	-4.198170
1730.000000	-0.176072	-0.001684	-4.198170
1731.000000	-0.176543	-0.001693	-4.198170
1732.000000	-0.177012	-0.001690	-4.198170
1733.000000	-0.177481	-0.001686	-4.198170
1734.000000	-0.177952	-0.001698	-4.198170
1735.000000	-0.178421	-0.001686	-4.198170
1736.000000	-0.178889	-0.001686	-4.198170
1737.000000	-0.179354	-0.001675	-4.198170
1738.000000	-0.179822	-0.001683	-4.198170
1739.000000	-0.180292	-0.001693	-4.198170
1740.000000	-0.180759	-0.001683	-4.198170
1741.000000	-0.181226	-0.001681	-4.198170
1742.000000	-0.181697	-0.001695	-4.198170
1743.000000	-0.182171	-0.001706	-4.198170
1744.000000	-0.182643	-0.001700	-4.198170
1745.000000	-0.183116	-0.001701	-4.198170
1746.000000	-0.183586	-0.001695	-4.198170
1747.000000	-0.184061	-0.001707	-4.198170
1748.000000	-0.184539	-0.001721	-4.198170
1749.000000	-0.185017	-0.001724	-4.198170
1750.000000	-0.185496	-0.001722	-4.198170
1751.000000	-0.185986	-0.001764	-4.198170
1752.000000	-0.186414	-0.001542	-4.198170
1753.000000	-0.186633	-0.000788	-4.198170
1754.000000	-0.186829	-0.000704	-4.198170
1755.000000	-0.187024	-0.000702	-4.197790
1756.000000	-0.187214	-0.000687	-4.197790
1757.000000	-0.187404	-0.000682	-4.198170
1758.000000	-0.187599	-0.000702	-4.197790
1759.000000	-0.187801	-0.000727	-4.197790
1760.000000	-0.188003	-0.000730	-4.197790
1761.000000	-0.188207	-0.000733	-4.197790
1762.000000	-0.188412	-0.000737	-4.197790
1763.000000	-0.188625	-0.000769	-4.197790
1764.000000	-0.188964	-0.001219	-4.197790
1765.000000	-0.189326	-0.001303	-4.197790
1766.000000	-0.189555	-0.000825	-4.197790
1767.000000	-0.189875	-0.001150	-4.198170
1768.000000	-0.190125	-0.000903	-4.198170
1769.000000	-0.190518	-0.001415	-4.197790
1770.000000	-0.190958	-0.001582	-4.198170
1771.000000	-0.191223	-0.000955	-4.197790
1772.000000	-0.191726	-0.001811	-4.198170
1773.000000	-0.192414	-0.002475	-4.197790
1774.000000	-0.193074	-0.002379	-4.197790
1775.000000	-0.193725	-0.002342	-4.197790
1776.000000	-0.194387	-0.002382	-4.197790
1777.000000	-0.195000	-0.002207	-4.198170
1778.000000	-0.195485	-0.001748	-4.197790
1779.000000	-0.195888	-0.001449	-4.197790
1780.000000	-0.196291	-0.001450	-4.197790
1781.000000	-0.196693	-0.001449	-4.197790
1782.000000	-0.197112	-0.001508	-4.197790
1783.000000	-0.197999	-0.003193	-4.197790
1784.000000	-0.198413	-0.001490	-4.197790
1785.000000	-0.198816	-0.001452	-4.197790
1786.000000	-0.199222	-0.001461	-4.197790
1787.000000	-0.199619	-0.001430	-4.197790
1788.000000	-0.200009	-0.001404	-4.197790
1789.000000	-0.200544	-0.001924	-4.197790
1790.000000	-0.200839	-0.001062	-4.197790
1791.000000	-0.201144	-0.001100	-4.197790
1792.000000	-0.201466	-0.001158	-4.197790
1793.000000	-0.201847	-0.001371	-4.197790
1794.000000	-0.202167	-0.001153	-4.197790
1795.000000	-0.202482	-0.001135	-4.197790
1796.000000	-0.202789	-0.001106	-4.197790
1797.000000	-0.203104	-0.001134	-4.198170
1798.000000	-0.203419	-0.001134	-4.198170
1799.000000	-0.203742	-0.001163	-4.198170
1800.000000	-0.204062	-0.001150	-4.198170
1801.000000	-0.204394	-0.001196	-4.198170
1802.000000	-0.204726	-0.001196	-4.198170
1803.000000	-0.205060	-0.001201	-4.198170
1804.000000	-0.205418	-0.001291	-4.197790
1805.000000	-0.206827	-0.005073	-4.198170
1806.000000	-0.207217	-0.001403	-4.197790
1807.000000	-0.207626	-0.001473	-4.197790
1808.000000	-0.208047	-0.001513	-4.198170
1809.000000	-0.208479	-0.001556	-4.197790
1810.000000	-0.208924	-0.001605	-4.197790
1811.000000	-0.209375	-0.001622	-4.197790
1812.000000	-0.209507	-0.000477	-4.197790
1813.000000	-0.209643	-0.000488	-4.197790
1814.000000	-0.209767	-0.000445	-4.197790
1815.000000	-0.210405	-0.002298	-4.198170
1816.000000	-0.210622	-0.000783	-4.198170
1817.000000	-0.212306	-0.006061	-4.198170
1818.000000	-0.214043	-0.006254	-4.198170
1819.000000	-0.214157	-0.000410	-4.198170
1820.000000	-0.214248	-0.000327	-4.197790
1821.000000	-0.214333	-0.000307	-4.198170
1822.000000	-0.215732	-0.005036	-4.198170
1823.000000	-0.217165	-0.005160	-4.198170
1824.000000	-0.218482	-0.004739	-4.198170
1825.000000	-0.219991	-0.005432	-4.197790
1826.000000	-0.221554	-0.005626	-4.198170
1827.000000	-0.223123	-0.005651	-4.198170
1828.000000	-0.224692	-0.005648	-4.198170
1829.000000	-0.226252	-0.005614	-4.198170
1830.000000	-0.227798	-0.005568	-4.198170
1831.000000	-0.229328	-0.005507	-4.198170
1832.000000	-0.230835	-0.005426	-4.198170
1833.000000	-0.232319	-0.005340	-4.198170
1834.000000	-0.233769	-0.005219	-4.198170
1835.000000	-0.235181	-0.005085	-4.198170
1836.000000	-0.236558	-0.004956	-4.198170
1837.000000	-0.237905	-0.004848	-4.198170
1838.000000	-0.239229	-0.004767	-4.198170
1839.000000	-0.240541	-0.004725	-4.198170
1840.000000	-0.241847	-0.004701	-4.198170
1841.000000	-0.243149	-0.004687	-4.198170
1842.000000	-0.244448	-0.004678	-4.198170
1843.000000	-0.245749	-0.004681	-4.198170
1844.000000	-0.247052	-0.004693	-4.198170
1845.000000	-0.248357	-0.004698	-4.198170
1846.000000	-0.249662	-0.004696	-4.198170
1847.000000	-0.250969	-0.004707	-4.198170
1848.000000	-0.252280	-0.004719	-4.198170
1849.000000	-0.253595	-0.004731	-4.198170
1850.000000	-0.254911	-0.004738	-4.198170
1851.000000	-0.256226	-0.004736	-4.198170
1852.000000	-0.257543	-0.004739	-4.198170
1853.000000	-0.258859	-0.004739	-4.198170
1854.000000	-0.260178	-0.004747	-4.198170
1855.000000	-0.261496	-0.004747	-4.198170
1856.000000	-0.262817	-0.004754	-4.198170
1857.000000	-0.264139	-0.004761	-4.198170
1858.000000	-0.265463	-0.004765	-4.198170
1859.000000	-0.266787	-0.004768	-4.198170
1860.000000	-0.268113	-0.004771	-4.198170
1861.000000	-0.269440	-0.004777	-4.198170
1862.000000	-0.270769	-0.004784	-4.198170
1863.000000	-0.272099	-0.004790	-4.198170
1864.000000	-0.273431	-0.004796	-4.198170
1865.000000	-0.274765	-0.004802	-4.198170
1866.000000	-0.276101	-0.004810	-4.198170
1867.000000	-0.277439	-0.004816	-4.198170
1868.000000	-0.278777	-0.004819	-4.198170
1869.000000	-0.280117	-0.004822	-4.198170
1870.000000	-0.281458	-0.004831	-4.198170
1871.000000	-0.282812	-0.004872	-4.198170
1872.000000	-0.284164	-0.004868	-4.198170
1873.000000	-0.285517	-0.004869	-4.198170
1874.000000	-0.286868	-0.004866	-4.198170
1875.000000	-0.288221	-0.004871	-4.198170
1876.000000	-0.289576	-0.004877	-4.198170
1877.000000	-0.290932	-0.004881	-4.198170
1878.000000	-0.292289	-0.004886	-4.198170
1879.000000	-0.293648	-0.004891	-4.198170
1880.000000	-0.295006	-0.004891	-4.198170
1881.000000	-0.296365	-0.004892	-4.198170
1882.000000	-0.297724	-0.004894	-4.198170
1883.000000	-0.299085	-0.004900	-4.198170
1884.000000	-0.300448	-0.004904	-4.198170
1885.000000	-0.301812	-0.004912	-4.198170
1886.000000	-0.303178	-0.004917	-4.198170
1887.000000	-0.304545	-0.004921	-4.198170
1888.000000	-0.305914	-0.004929	-4.198170
1889.000000	-0.307285	-0.004936	-4.198170
1890.000000	-0.308659	-0.004944	-4.198170
1891.000000	-0.310033	-0.004949	-4.198170
1892.000000	-0.311410	-0.004956	-4.198170
1893.000000	-0.312788	-0.004961	-4.198170
1894.000000	-0.314168	-0.004969	-4.198170
1895.000000	-0.315551	-0.004976	-4.198170
1896.000000	-0.316934	-0.004982	-4.198170
1897.000000	-0.318320	-0.004987	-4.198170
1898.000000	-0.319706	-0.004990	-4.198170
1899.000000	-0.321093	-0.004995	-4.198170
1900.000000	-0.322482	-0.004999	-4.198170
1901.000000	-0.323871	-0.005002	-4.198170
1902.000000	-0.325262	-0.005007	-4.198170
1903.000000	-0.326654	-0.005010	-4.198170
1904.000000	-0.328047	-0.005016	-4.198170
1905.000000	-0.329442	-0.005021	-4.198170
1906.000000	-0.330838	-0.005027	-4.198170
1907.000000	-0.332236	-0.005033	-4.198170
1908.000000	-0.333636	-0.005039	-4.198170
1909.000000	-0.335037	-0.005045	-4.198170
1910.000000	-0.336440	-0.005051	-4.198170
1911.000000	-0.337845	-0.005056	-4.198170
1912.000000	-0.339250	-0.005060	-4.198170
1913.000000	-0.340657	-0.005063	-4.198170
1914.000000	-0.342065	-0.005068	-4.198170
1915.000000	-0.343473	-0.005071	-4.198170
1916.000000	-0.344882	-0.005073	-4.198170
1917.000000	-0.346292	-0.005076	-4.198170
1918.000000	-0.347703	-0.005079	-4.198170
1919.000000	-0.349115	-0.005083	-4.198170
1920.000000	-0.350527	-0.005083	-4.198170
1921.000000	-0.351940	-0.005086	-4.198170
1922.000000	-0.353353	-0.005088	-4.198170
1923.000000	-0.354768	-0.005091	-4.198170
1924.000000	-0.356183	-0.005094	-4.198170
1925.000000	-0.357598	-0.005096	-4.198170
1926.000000	-0.359014	-0.005099	-4.198170
1927.000000	-0.360431	-0.005102	-4.198170
1928.000000	-0.361849	-0.005105	-4.198170
1929.000000	-0.363268	-0.005108	-4.198170
1930.000000	-0.364687	-0.005106	-4.198170
1931.000000	-0.366105	-0.005106	-4.198170
1932.000000	-0.367524	-0.005109	-4.198170
1933.000000	-0.368944	-0.005111	-4.198170
1934.000000	-0.370364	-0.005111	-4.198170
1935.000000	-0.371784	-0.005114	-4.198170
1936.000000	-0.373205	-0.005115	-4.198170
1937.000000	-0.374627	-0.005117	-4.198170
1938.000000	-0.376048	-0.005119	-4.198170
1939.000000	-0.377470	-0.005117	-4.198170
1940.000000	-0.378892	-0.005119	-4.198170
1941.000000	-0.380313	-0.005119	-4.198170
1942.000000	-0.381736	-0.005122	-4.198170
1943.000000	-0.383159	-0.005122	-4.198170
1944.000000	-0.384580	-0.005117	-4.197790
1945.000000	-0.386001	-0.005114	-4.198170
1946.000000	-0.387421	-0.005114	-4.197790
1947.000000	-0.388841	-0.005112	-4.197790
1948.000000	-0.390261	-0.005112	-4.198170
1949.000000	-0.391681	-0.005109	-4.198170
1950.000000	-0.393100	-0.005109	-4.198170
1951.000000	-0.394519	-0.005109	-4.198170
1952.000000	-0.395938	-0.005106	-4.198170
1953.000000	-0.397356	-0.005106	-4.198170
1954.000000	-0.398773	-0.005102	-4.198170
1955.000000	-0.400189	-0.005097	-4.198170
1956.000000	-0.401603	-0.005091	-4.198170
1957.000000	-0.403017	-0.005089	-4.198170
1958.000000	-0.404429	-0.005085	-4.198170
1959.000000	-0.405842	-0.005085	-4.198170
1960.000000	-0.407254	-0.005082	-4.198170
1961.000000	-0.408666	-0.005083	-4.198170
1962.000000	-0.410078	-0.005083	-4.198170
1963.000000	-0.411489	-0.005082	-4.198170
1964.000000	-0.412899	-0.005076	-4.198170
1965.000000	-0.414307	-0.005070	-4.198170
1966.000000	-0.415715	-0.005067	-4.198170
1967.000000	-0.417117	-0.005048	-4.198170
1968.000000	-0.417271	-0.000554	-4.198170
1969.000000	-0.417408	-0.000493	-4.198170
1970.000000	-0.417541	-0.000479	-4.198170
1971.000000	-0.417670	-0.000467	-4.198170
1972.000000	-0.418052	-0.001375	-4.198170
1973.000000	-0.418446	-0.001417	-4.198170
1974.000000	-0.418846	-0.001443	-4.198170
1975.000000	-0.419241	-0.001421	-4.198170
1976.000000	-0.419638	-0.001430	-4.198170
1977.000000	-0.420064	-0.001533	-4.198170
1978.000000	-0.420471	-0.001465	-4.198170
1979.000000	-0.420882	-0.001478	-4.198170
1980.000000	-0.421299	-0.001502	-4.198170
1981.000000	-0.421718	-0.001508	-4.198170
1982.000000	-0.422140	-0.001519	-4.198170
1983.000000	-0.422566	-0.001534	-4.198170
1984.000000	-0.422989	-0.001521	-4.198170
1985.000000	-0.423388	-0.001436	-4.198170
1986.000000	-0.423781	-0.001415	-4.198170
1987.000000	-0.424172	-0.001410	-4.198170
1988.000000	-0.424551	-0.001363	-4.198170
1989.000000	-0.424802	-0.000904	-4.198170
1990.000000	-0.424927	-0.000451	-4.198170
1991.000000	-0.425052	-0.000448	-4.198170
1992.000000	-0.425176	-0.000445	-4.198170
1993.000000	-0.425297	-0.000436	-4.198170
1994.000000	-0.425697	-0.001440	-4.198170
1995.000000	-0.425817	-0.000434	-4.198170
1996.000000	-0.425936	-0.000427	-4.198170
1997.000000	-0.426060	-0.000446	-4.198170
1998.000000	-0.426183	-0.000442	-4.198170
1999.000000	-0.426304	-0.000437	-4.198170
2000.000000	-0.426421	-0.000422	-4.198170
2001.000000	-0.426515	-0.000336	-4.198170
2002.000000	-0.426599	-0.000302	-4.198170
2003.000000	-0.426682	-0.000299	-4.198170
2004.000000	-0.426763	-0.000292	-4.198170
2005.000000	-0.426843	-0.000291	-4.198170
2006.000000	-0.426926	-0.000299	-4.198170
2007.000000	-0.427010	-0.000299	-4.198170
2008.000000	-0.427089	-0.000284	-4.198170
2009.000000	-0.427166	-0.000280	-4.198170
