time	charge	amps	volts
1.000000	-0.000012	-0.000044	-2.998130
2.000000	-0.000024	-0.000042	-2.998510
3.000000	-0.000036	-0.000042	-2.998510
4.000000	-0.000047	-0.000041	-2.998510
5.000000	-0.000058	-0.000041	-2.998510
6.000000	-0.000070	-0.000041	-2.998510
7.000000	-0.000081	-0.000040	-2.998510
8.000000	-0.000092	-0.000039	-2.998510
9.000000	-0.000101	-0.000034	-2.998510
10.000000	-0.000110	-0.000033	-2.998510
11.000000	-0.000119	-0.000033	-2.998510
12.000000	-0.000128	-0.000033	-2.998510
13.000000	-0.000137	-0.000033	-2.998510
14.000000	-0.000146	-0.000033	-2.998510
15.000000	-0.000156	-0.000033	-2.998510
16.000000	-0.000165	-0.000033	-2.998510
17.000000	-0.000174	-0.000033	-2.998510
18.000000	-0.000183	-0.000033	-2.998510
19.000000	-0.000192	-0.000033	-2.998510
20.000000	-0.000202	-0.000034	-2.998510
21.000000	-0.000211	-0.000034	-2.998510
22.000000	-0.000221	-0.000034	-2.998510
23.000000	-0.000230	-0.000035	-2.998510
24.000000	-0.000240	-0.000035	-2.998510
25.000000	-0.000250	-0.000035	-2.998510
26.000000	-0.000259	-0.000035	-2.998510
27.000000	-0.000269	-0.000035	-2.998510
28.000000	-0.000279	-0.000036	-2.998510
29.000000	-0.000289	-0.000036	-2.998510
30.000000	-0.000299	-0.000036	-2.998510
31.000000	-0.000306	-0.000025	-2.998510
32.000000	-0.000310	-0.000015	-2.998510
33.000000	-0.000314	-0.000015	-2.998510
34.000000	-0.000318	-0.000015	-2.998510
35.000000	-0.000322	-0.000015	-2.998510
36.000000	-0.000327	-0.000016	-2.998510
37.000000	-0.000331	-0.000016	-2.998510
38.000000	-0.000335	-0.000016	-2.998510
39.000000	-0.000340	-0.000016	-2.998510
40.000000	-0.000344	-0.000016	-2.998510
41.000000	-0.000349	-0.000016	-2.998510
42.000000	-0.000353	-0.000016	-2.998510
43.000000	-0.000357	-0.000016	-2.998510
44.000000	-0.000362	-0.000016	-2.998510
45.000000	-0.000367	-0.000017	-2.998510
46.000000	-0.000371	-0.000017	-2.998510
47.000000	-0.000376	-0.000017	-2.998130
48.000000	-0.000381	-0.000017	-2.998510
49.000000	-0.000385	-0.000017	-2.998510
50.000000	-0.000390	-0.000017	-2.998510
51.000000	-0.000395	-0.000017	-2.998130
52.000000	-0.000399	-0.000017	-2.998510
53.000000	-0.000404	-0.000017	-2.998510
54.000000	-0.000409	-0.000017	-2.998510
55.000000	-0.000413	-0.000017	-2.998510
56.000000	-0.000418	-0.000017	-2.998510
57.000000	-0.000423	-0.000017	-2.998510
58.000000	-0.000428	-0.000017	-2.998510
59.000000	-0.000433	-0.000017	-2.998510
60.000000	-0.000438	-0.000018	-2.998510
61.000000	-0.000462	-0.000087	-3.397250
62.000000	-0.000485	-0.000083	-3.397630
63.000000	-0.000507	-0.000081	-3.397630
64.000000	-0.000529	-0.000079	-3.397630
65.000000	-0.000551	-0.000078	-3.397630
66.000000	-0.000572	-0.000077	-3.397630
67.000000	-0.000593	-0.000075	-3.397630
68.000000	-0.000614	-0.000074	-3.397630
69.000000	-0.000635	-0.000074	-3.397630
70.000000	-0.000655	-0.000073	-3.397630
71.000000	-0.000675	-0.000073	-3.397630
72.000000	-0.000695	-0.000073	-3.397630
73.000000	-0.000716	-0.000073	-3.397630
74.000000	-0.000736	-0.000072	-3.397630
75.000000	-0.000756	-0.000072	-3.397630
76.000000	-0.000776	-0.000072	-3.397630
77.000000	-0.000795	-0.000071	-3.397630
78.000000	-0.000815	-0.000070	-3.397630
79.000000	-0.000834	-0.000070	-3.397630
80.000000	-0.000854	-0.000070	-3.397630
81.000000	-0.000873	-0.000070	-3.397630
82.000000	-0.000892	-0.000070	-3.397630
83.000000	-0.000912	-0.000069	-3.397630
84.000000	-0.000931	-0.000069	-3.397630
85.000000	-0.000950	-0.000068	-3.397630
86.000000	-0.000969	-0.000068	-3.397630
87.000000	-0.000988	-0.000068	-3.397630
88.000000	-0.001007	-0.000069	-3.397630
89.000000	-0.001026	-0.000068	-3.397630
90.000000	-0.001045	-0.000068	-3.397630
91.000000	-0.001064	-0.000069	-3.397630
92.000000	-0.001083	-0.000069	-3.397630
93.000000	-0.001102	-0.000069	-3.397630
94.000000	-0.001122	-0.000069	-3.397630
95.000000	-0.001141	-0.000069	-3.397630
96.000000	-0.001160	-0.000069	-3.397630
97.000000	-0.001179	-0.000069	-3.397630
98.000000	-0.001198	-0.000069	-3.397630
99.000000	-0.001217	-0.000069	-3.397630
100.000000	-0.001236	-0.000068	-3.397630
101.000000	-0.001255	-0.000068	-3.397630
102.000000	-0.001274	-0.000067	-3.397630
103.000000	-0.001292	-0.000067	-3.397630
104.000000	-0.001311	-0.000067	-3.397630
105.000000	-0.001330	-0.000067	-3.397630
106.000000	-0.001349	-0.000067	-3.397630
107.000000	-0.001367	-0.000067	-3.397630
108.000000	-0.001386	-0.000067	-3.397630
109.000000	-0.001405	-0.000067	-3.397630
110.000000	-0.001423	-0.000067	-3.397630
111.000000	-0.001442	-0.000067	-3.397630
112.000000	-0.001461	-0.000067	-3.397630
113.000000	-0.001479	-0.000067	-3.397630
114.000000	-0.001498	-0.000067	-3.397630
115.000000	-0.001517	-0.000067	-3.397630
116.000000	-0.001535	-0.000067	-3.397630
117.000000	-0.001554	-0.000068	-3.397630
118.000000	-0.001573	-0.000067	-3.397630
119.000000	-0.001592	-0.000067	-3.397630
120.000000	-0.001610	-0.000068	-3.397630
121.000000	-0.001638	-0.000101	-3.597390
122.000000	-0.001667	-0.000101	-3.597390
123.000000	-0.001694	-0.000100	-3.597390
124.000000	-0.001722	-0.000100	-3.597390
125.000000	-0.001750	-0.000098	-3.597390
126.000000	-0.001777	-0.000100	-3.597390
127.000000	-0.001805	-0.000099	-3.597390
128.000000	-0.001833	-0.000099	-3.597390
129.000000	-0.001860	-0.000099	-3.597390
130.000000	-0.001888	-0.000099	-3.597390
131.000000	-0.001915	-0.000099	-3.597390
132.000000	-0.001943	-0.000099	-3.597390
133.000000	-0.001970	-0.000099	-3.597390
134.000000	-0.001998	-0.000099	-3.597390
135.000000	-0.002025	-0.000099	-3.597390
136.000000	-0.002052	-0.000099	-3.597390
137.000000	-0.002080	-0.000099	-3.597390
138.000000	-0.002107	-0.000098	-3.597390
139.000000	-0.002135	-0.000099	-3.597390
140.000000	-0.002162	-0.000100	-3.597390
141.000000	-0.002190	-0.000100	-3.597390
142.000000	-0.002218	-0.000100	-3.597390
143.000000	-0.002245	-0.000100	-3.597390
144.000000	-0.002273	-0.000099	-3.597390
145.000000	-0.002301	-0.000099	-3.597390
146.000000	-0.002328	-0.000099	-3.597390
147.000000	-0.002356	-0.000099	-3.597390
148.000000	-0.002383	-0.000099	-3.597390
149.000000	-0.002411	-0.000099	-3.597390
150.000000	-0.002438	-0.000099	-3.597390
151.000000	-0.002466	-0.000099	-3.597390
152.000000	-0.002493	-0.000100	-3.597390
153.000000	-0.002521	-0.000099	-3.597390
154.000000	-0.002548	-0.000099	-3.597390
155.000000	-0.002576	-0.000099	-3.597390
156.000000	-0.002603	-0.000099	-3.597390
157.000000	-0.002631	-0.000099	-3.597390
158.000000	-0.002658	-0.000099	-3.597390
159.000000	-0.002685	-0.000098	-3.597390
160.000000	-0.002712	-0.000097	-3.597390
161.000000	-0.002740	-0.000097	-3.597390
162.000000	-0.002767	-0.000098	-3.597390
163.000000	-0.002794	-0.000098	-3.597390
164.000000	-0.002821	-0.000098	-3.597390
165.000000	-0.002848	-0.000098	-3.597390
166.000000	-0.002875	-0.000098	-3.597390
167.000000	-0.002902	-0.000098	-3.597390
168.000000	-0.002929	-0.000097	-3.597390
169.000000	-0.002956	-0.000097	-3.597390
170.000000	-0.002983	-0.000097	-3.597390
171.000000	-0.003010	-0.000097	-3.597390
172.000000	-0.003037	-0.000097	-3.597390
173.000000	-0.003064	-0.000097	-3.597390
174.000000	-0.003091	-0.000097	-3.597390
175.000000	-0.003118	-0.000097	-3.597390
176.000000	-0.003145	-0.000097	-3.597390
177.000000	-0.003171	-0.000097	-3.597390
178.000000	-0.003198	-0.000097	-3.597390
179.000000	-0.003225	-0.000097	-3.597390
180.000000	-0.003252	-0.000097	-3.597390
181.000000	-0.003290	-0.000136	-3.797140
182.000000	-0.003328	-0.000137	-3.797140
183.000000	-0.003366	-0.000138	-3.797140
184.000000	-0.003405	-0.000139	-3.797140
185.000000	-0.003444	-0.000140	-3.797520
186.000000	-0.003483	-0.000140	-3.797520
187.000000	-0.003522	-0.000142	-3.797520
188.000000	-0.003562	-0.000143	-3.797520
189.000000	-0.003602	-0.000144	-3.797520
190.000000	-0.003642	-0.000145	-3.797520
191.000000	-0.003682	-0.000146	-3.797520
192.000000	-0.003723	-0.000146	-3.797520
193.000000	-0.003764	-0.000147	-3.797520
194.000000	-0.003805	-0.000148	-3.797520
195.000000	-0.003846	-0.000148	-3.797520
196.000000	-0.003887	-0.000148	-3.797520
197.000000	-0.003928	-0.000149	-3.797520
198.000000	-0.003970	-0.000149	-3.797520
199.000000	-0.004012	-0.000150	-3.797520
200.000000	-0.004053	-0.000151	-3.797520
201.000000	-0.004095	-0.000151	-3.797520
202.000000	-0.004137	-0.000151	-3.797520
203.000000	-0.004180	-0.000152	-3.797520
204.000000	-0.004222	-0.000153	-3.797520
205.000000	-0.004265	-0.000153	-3.797520
206.000000	-0.004307	-0.000154	-3.797520
207.000000	-0.004350	-0.000154	-3.797520
208.000000	-0.004393	-0.000154	-3.797520
209.000000	-0.004436	-0.000154	-3.797520
210.000000	-0.004479	-0.000155	-3.797520
211.000000	-0.004522	-0.000154	-3.797520
212.000000	-0.004565	-0.000155	-3.797520
213.000000	-0.004608	-0.000155	-3.797520
214.000000	-0.004651	-0.000155	-3.797520
215.000000	-0.004694	-0.000154	-3.797520
216.000000	-0.004736	-0.000154	-3.797520
217.000000	-0.004781	-0.000163	-3.797520
218.000000	-0.004827	-0.000165	-3.797520
219.000000	-0.004873	-0.000166	-3.797520
220.000000	-0.004919	-0.000166	-3.797520
221.000000	-0.004966	-0.000166	-3.797520
222.000000	-0.005012	-0.000167	-3.797520
223.000000	-0.005060	-0.000171	-3.797520
224.000000	-0.005108	-0.000175	-3.797520
225.000000	-0.005153	-0.000163	-3.797520
226.000000	-0.005195	-0.000149	-3.797520
227.000000	-0.005240	-0.000161	-3.797520
228.000000	-0.005286	-0.000165	-3.797520
229.000000	-0.005334	-0.000175	-3.797520
230.000000	-0.005383	-0.000174	-3.797520
231.000000	-0.005431	-0.000173	-3.797520
232.000000	-0.005479	-0.000173	-3.797520
233.000000	-0.005527	-0.000173	-3.797520
234.000000	-0.005575	-0.000173	-3.797520
235.000000	-0.005623	-0.000172	-3.797520
236.000000	-0.005671	-0.000172	-3.797520
237.000000	-0.005718	-0.000172	-3.797520
238.000000	-0.005766	-0.000171	-3.797520
239.000000	-0.005814	-0.000171	-3.797520
240.000000	-0.005861	-0.000172	-3.797520
241.000000	-0.005909	-0.000172	-3.797520
242.000000	-0.005957	-0.000172	-3.797520
243.000000	-0.006005	-0.000172	-3.797520
244.000000	-0.006053	-0.000172	-3.797520
245.000000	-0.006100	-0.000172	-3.797520
246.000000	-0.006148	-0.000173	-3.797520
247.000000	-0.006196	-0.000173	-3.797520
248.000000	-0.006244	-0.000173	-3.797520
249.000000	-0.006292	-0.000173	-3.797520
250.000000	-0.006340	-0.000172	-3.797520
251.000000	-0.006388	-0.000172	-3.797520
252.000000	-0.006435	-0.000171	-3.797520
253.000000	-0.006483	-0.000171	-3.797520
254.000000	-0.006530	-0.000171	-3.797520
255.000000	-0.006578	-0.000170	-3.797520
256.000000	-0.006625	-0.000170	-3.797520
257.000000	-0.006672	-0.000172	-3.797520
258.000000	-0.006720	-0.000171	-3.797520
259.000000	-0.006768	-0.000172	-3.797520
260.000000	-0.006815	-0.000172	-3.797520
261.000000	-0.006863	-0.000172	-3.797520
262.000000	-0.006911	-0.000172	-3.797520
263.000000	-0.006959	-0.000172	-3.797520
264.000000	-0.007006	-0.000171	-3.797520
265.000000	-0.007054	-0.000171	-3.797520
266.000000	-0.007102	-0.000174	-3.797520
267.000000	-0.007145	-0.000154	-3.797520
268.000000	-0.007194	-0.000176	-3.797520
269.000000	-0.007241	-0.000172	-3.797520
270.000000	-0.007289	-0.000172	-3.797520
271.000000	-0.007337	-0.000171	-3.797520
272.000000	-0.007381	-0.000159	-3.797520
273.000000	-0.007433	-0.000188	-3.797520
274.000000	-0.007483	-0.000181	-3.797520
275.000000	-0.007533	-0.000179	-3.797520
276.000000	-0.007581	-0.000175	-3.797520
277.000000	-0.007622	-0.000145	-3.797520
278.000000	-0.007672	-0.000181	-3.797520
279.000000	-0.007721	-0.000175	-3.797520
280.000000	-0.007768	-0.000173	-3.797520
281.000000	-0.007814	-0.000163	-3.797520
282.000000	-0.007862	-0.000175	-3.797520
283.000000	-0.007911	-0.000174	-3.797520
284.000000	-0.007960	-0.000178	-3.797520
285.000000	-0.008010	-0.000180	-3.797520
286.000000	-0.008057	-0.000169	-3.797520
287.000000	-0.008107	-0.000181	-3.797520
288.000000	-0.008157	-0.000178	-3.797520
289.000000	-0.008207	-0.000181	-3.797520
290.000000	-0.008254	-0.000170	-3.797520
291.000000	-0.008303	-0.000176	-3.797520
292.000000	-0.008354	-0.000184	-3.797520
293.000000	-0.008401	-0.000168	-3.797520
294.000000	-0.008452	-0.000184	-3.797520
295.000000	-0.008495	-0.000156	-3.797520
296.000000	-0.008544	-0.000173	-3.797520
297.000000	-0.008595	-0.000184	-3.797520
298.000000	-0.008645	-0.000180	-3.797520
299.000000	-0.008687	-0.000153	-3.797520
300.000000	-0.008739	-0.000187	-3.797520
301.000000	-0.008791	-0.000186	-3.797520
302.000000	-0.008842	-0.000183	-3.797520
303.000000	-0.008892	-0.000181	-3.797520
304.000000	-0.008942	-0.000182	-3.797520
305.000000	-0.008993	-0.000182	-3.797520
306.000000	-0.009044	-0.000183	-3.797520
307.000000	-0.009095	-0.000184	-3.797520
308.000000	-0.009146	-0.000183	-3.797520
309.000000	-0.009196	-0.000182	-3.797520
310.000000	-0.009247	-0.000183	-3.797520
311.000000	-0.009298	-0.000183	-3.797520
312.000000	-0.009349	-0.000183	-3.797520
313.000000	-0.009400	-0.000183	-3.797520
314.000000	-0.009451	-0.000183	-3.797520
315.000000	-0.009501	-0.000183	-3.797520
316.000000	-0.009552	-0.000183	-3.797520
317.000000	-0.009603	-0.000184	-3.797520
318.000000	-0.009649	-0.000164	-3.797520
319.000000	-0.009701	-0.000189	-3.797520
320.000000	-0.009753	-0.000188	-3.797520
321.000000	-0.009805	-0.000187	-3.797520
322.000000	-0.009857	-0.000186	-3.797520
323.000000	-0.009909	-0.000187	-3.797520
324.000000	-0.009961	-0.000186	-3.797520
325.000000	-0.010010	-0.000177	-3.797520
326.000000	-0.010064	-0.000197	-3.797520
327.000000	-0.010120	-0.000199	-3.797520
328.000000	-0.010175	-0.000200	-3.797520
329.000000	-0.010231	-0.000200	-3.797520
330.000000	-0.010286	-0.000200	-3.797520
331.000000	-0.010341	-0.000196	-3.797520
332.000000	-0.010396	-0.000200	-3.797520
333.000000	-0.010447	-0.000182	-3.797520
334.000000	-0.010504	-0.000207	-3.797520
335.000000	-0.010562	-0.000206	-3.797520
336.000000	-0.010619	-0.000206	-3.797520
337.000000	-0.010676	-0.000205	-3.797520
338.000000	-0.010733	-0.000205	-3.797520
339.000000	-0.010790	-0.000205	-3.797520
340.000000	-0.010847	-0.000207	-3.797520
341.000000	-0.010905	-0.000210	-3.797520
342.000000	-0.010964	-0.000211	-3.797520
343.000000	-0.011023	-0.000211	-3.797520
344.000000	-0.011081	-0.000212	-3.797520
345.000000	-0.011141	-0.000214	-3.797520
346.000000	-0.011201	-0.000215	-3.797520
347.000000	-0.011260	-0.000215	-3.797520
348.000000	-0.011320	-0.000216	-3.797520
349.000000	-0.011381	-0.000217	-3.797520
350.000000	-0.011441	-0.000217	-3.797520
351.000000	-0.011493	-0.000188	-3.797520
352.000000	-0.011555	-0.000223	-3.797520
353.000000	-0.011616	-0.000220	-3.797520
354.000000	-0.011677	-0.000219	-3.797520
355.000000	-0.011738	-0.000218	-3.797520
356.000000	-0.011802	-0.000230	-3.797520
357.000000	-0.011865	-0.000230	-3.797520
358.000000	-0.011929	-0.000230	-3.797520
359.000000	-0.011988	-0.000213	-3.797520
360.000000	-0.012054	-0.000236	-3.797520
361.000000	-0.012131	-0.000277	-3.797520
362.000000	-0.012209	-0.000279	-3.797140
363.000000	-0.012287	-0.000282	-3.797140
364.000000	-0.012365	-0.000281	-3.797140
365.000000	-0.012443	-0.000282	-3.797140
366.000000	-0.012522	-0.000283	-3.797140
367.000000	-0.012600	-0.000283	-3.797140
368.000000	-0.012677	-0.000276	-3.797140
369.000000	-0.012751	-0.000265	-3.797140
370.000000	-0.012818	-0.000241	-3.797140
371.000000	-0.012884	-0.000238	-3.797520
372.000000	-0.012949	-0.000236	-3.797140
373.000000	-0.013014	-0.000235	-3.797520
374.000000	-0.013079	-0.000233	-3.797140
375.000000	-0.013144	-0.000232	-3.797520
376.000000	-0.013208	-0.000232	-3.797140
377.000000	-0.013272	-0.000232	-3.797520
378.000000	-0.013337	-0.000232	-3.797520
379.000000	-0.013401	-0.000232	-3.797520
380.000000	-0.013467	-0.000238	-3.797140
381.000000	-0.013536	-0.000248	-3.797140
382.000000	-0.013607	-0.000254	-3.797520
383.000000	-0.013679	-0.000260	-3.797140
384.000000	-0.013752	-0.000264	-3.797140
385.000000	-0.013819	-0.000239	-3.797520
386.000000	-0.013885	-0.000238	-3.797140
387.000000	-0.013954	-0.000251	-3.797520
388.000000	-0.014028	-0.000264	-3.797520
389.000000	-0.014102	-0.000266	-3.797140
390.000000	-0.014176	-0.000267	-3.797140
391.000000	-0.014251	-0.000269	-3.797140
392.000000	-0.014325	-0.000269	-3.797140
393.000000	-0.014400	-0.000269	-3.797520
394.000000	-0.014475	-0.000269	-3.797140
395.000000	-0.014549	-0.000270	-3.797140
396.000000	-0.014624	-0.000268	-3.797140
397.000000	-0.014699	-0.000269	-3.797140
398.000000	-0.014774	-0.000270	-3.797140
399.000000	-0.014849	-0.000270	-3.797140
400.000000	-0.014924	-0.000272	-3.797140
401.000000	-0.014999	-0.000268	-3.797140
402.000000	-0.015075	-0.000275	-3.797140
403.000000	-0.015150	-0.000270	-3.797520
404.000000	-0.015226	-0.000275	-3.797140
405.000000	-0.015302	-0.000273	-3.797140
406.000000	-0.015378	-0.000273	-3.797140
407.000000	-0.015454	-0.000272	-3.797140
408.000000	-0.015529	-0.000273	-3.797140
409.000000	-0.015605	-0.000273	-3.797140
410.000000	-0.015681	-0.000273	-3.797140
411.000000	-0.015757	-0.000273	-3.797140
412.000000	-0.015833	-0.000274	-3.797520
413.000000	-0.015910	-0.000275	-3.797140
414.000000	-0.015986	-0.000274	-3.797520
415.000000	-0.016061	-0.000272	-3.797140
416.000000	-0.016137	-0.000271	-3.797520
417.000000	-0.016212	-0.000271	-3.797520
418.000000	-0.016288	-0.000272	-3.797140
419.000000	-0.016363	-0.000273	-3.797140
420.000000	-0.016440	-0.000274	-3.797140
421.000000	-0.016516	-0.000274	-3.797140
422.000000	-0.016592	-0.000274	-3.797140
423.000000	-0.016668	-0.000274	-3.797140
424.000000	-0.016744	-0.000274	-3.797140
425.000000	-0.016821	-0.000275	-3.797140
426.000000	-0.016897	-0.000275	-3.797140
427.000000	-0.016974	-0.000275	-3.797140
428.000000	-0.017050	-0.000275	-3.797140
429.000000	-0.017126	-0.000275	-3.797140
430.000000	-0.017203	-0.000276	-3.797140
431.000000	-0.017280	-0.000277	-3.797140
432.000000	-0.017357	-0.000277	-3.797140
433.000000	-0.017436	-0.000286	-3.797140
434.000000	-0.017519	-0.000297	-3.797140
435.000000	-0.017601	-0.000297	-3.797140
436.000000	-0.017684	-0.000297	-3.797140
437.000000	-0.017767	-0.000300	-3.797140
438.000000	-0.017850	-0.000297	-3.797140
439.000000	-0.017934	-0.000303	-3.797140
440.000000	-0.018019	-0.000305	-3.797140
441.000000	-0.018104	-0.000306	-3.797140
442.000000	-0.018188	-0.000305	-3.797140
443.000000	-0.018274	-0.000307	-3.797140
444.000000	-0.018359	-0.000308	-3.797140
445.000000	-0.018446	-0.000310	-3.797140
446.000000	-0.018532	-0.000311	-3.797140
447.000000	-0.018619	-0.000311	-3.797140
448.000000	-0.018705	-0.000312	-3.797140
449.000000	-0.018792	-0.000312	-3.797140
450.000000	-0.018879	-0.000313	-3.797140
451.000000	-0.018967	-0.000317	-3.797140
452.000000	-0.019055	-0.000318	-3.797140
453.000000	-0.019145	-0.000322	-3.797140
454.000000	-0.019234	-0.000322	-3.797140
455.000000	-0.019324	-0.000322	-3.797140
456.000000	-0.019413	-0.000322	-3.797520
457.000000	-0.019503	-0.000323	-3.797140
458.000000	-0.019593	-0.000323	-3.797140
459.000000	-0.019682	-0.000324	-3.797140
460.000000	-0.019772	-0.000324	-3.797140
461.000000	-0.019863	-0.000325	-3.797140
462.000000	-0.019952	-0.000324	-3.797140
463.000000	-0.020045	-0.000333	-3.797520
464.000000	-0.020138	-0.000334	-3.797520
465.000000	-0.020230	-0.000334	-3.797520
466.000000	-0.020323	-0.000334	-3.797520
467.000000	-0.020417	-0.000336	-3.797520
468.000000	-0.020510	-0.000337	-3.797140
469.000000	-0.020604	-0.000337	-3.797140
470.000000	-0.020698	-0.000339	-3.797520
471.000000	-0.020792	-0.000339	-3.797140
472.000000	-0.020887	-0.000340	-3.797140
473.000000	-0.020981	-0.000340	-3.797140
474.000000	-0.021075	-0.000339	-3.797140
475.000000	-0.021170	-0.000340	-3.797140
476.000000	-0.021264	-0.000340	-3.797140
477.000000	-0.021359	-0.000341	-3.797140
478.000000	-0.021454	-0.000341	-3.797140
479.000000	-0.021549	-0.000342	-3.797140
480.000000	-0.021644	-0.000342	-3.797520
481.000000	-0.021738	-0.000342	-3.797140
482.000000	-0.021833	-0.000342	-3.797140
483.000000	-0.021929	-0.000342	-3.797520
484.000000	-0.022024	-0.000343	-3.797520
485.000000	-0.022119	-0.000343	-3.797520
486.000000	-0.022215	-0.000344	-3.797520
487.000000	-0.022310	-0.000344	-3.797520
488.000000	-0.022406	-0.000344	-3.797520
489.000000	-0.022501	-0.000344	-3.797520
490.000000	-0.022597	-0.000345	-3.797520
491.000000	-0.022693	-0.000345	-3.797520
492.000000	-0.022788	-0.000345	-3.797140
493.000000	-0.022884	-0.000345	-3.797520
494.000000	-0.022980	-0.000345	-3.797520
495.000000	-0.023076	-0.000345	-3.797140
496.000000	-0.023172	-0.000346	-3.797520
497.000000	-0.023268	-0.000346	-3.797520
498.000000	-0.023364	-0.000346	-3.797520
499.000000	-0.023460	-0.000346	-3.797520
500.000000	-0.023556	-0.000344	-3.797520
501.000000	-0.023651	-0.000344	-3.797140
502.000000	-0.023746	-0.000341	-3.797140
503.000000	-0.023842	-0.000345	-3.797140
504.000000	-0.023938	-0.000345	-3.797140
505.000000	-0.024035	-0.000350	-3.797140
506.000000	-0.024132	-0.000347	-3.797140
507.000000	-0.024228	-0.000347	-3.797140
508.000000	-0.024324	-0.000345	-3.797140
509.000000	-0.024420	-0.000345	-3.797520
510.000000	-0.024516	-0.000346	-3.797520
511.000000	-0.024613	-0.000347	-3.797520
512.000000	-0.024709	-0.000347	-3.797520
513.000000	-0.024805	-0.000348	-3.797520
514.000000	-0.024901	-0.000345	-3.797140
515.000000	-0.024998	-0.000347	-3.797140
516.000000	-0.025096	-0.000354	-3.797520
517.000000	-0.025193	-0.000348	-3.797520
518.000000	-0.025289	-0.000347	-3.797140
519.000000	-0.025386	-0.000348	-3.797520
520.000000	-0.025483	-0.000349	-3.797520
521.000000	-0.025580	-0.000350	-3.797520
522.000000	-0.025678	-0.000351	-3.797520
523.000000	-0.025775	-0.000351	-3.797520
524.000000	-0.025871	-0.000347	-3.797520
525.000000	-0.025970	-0.000356	-3.797520
526.000000	-0.026069	-0.000355	-3.797520
527.000000	-0.026168	-0.000354	-3.797520
528.000000	-0.026265	-0.000353	-3.797520
529.000000	-0.026362	-0.000349	-3.797520
530.000000	-0.026460	-0.000350	-3.797520
531.000000	-0.026557	-0.000352	-3.797520
532.000000	-0.026656	-0.000357	-3.797520
533.000000	-0.026755	-0.000356	-3.797520
534.000000	-0.026854	-0.000355	-3.797520
535.000000	-0.026952	-0.000354	-3.797520
536.000000	-0.027050	-0.000351	-3.797520
537.000000	-0.027148	-0.000354	-3.797520
538.000000	-0.027246	-0.000352	-3.797520
539.000000	-0.027345	-0.000357	-3.797520
540.000000	-0.027443	-0.000354	-3.797140
541.000000	-0.027543	-0.000359	-3.797520
542.000000	-0.027642	-0.000357	-3.797520
543.000000	-0.027741	-0.000357	-3.797520
544.000000	-0.027840	-0.000357	-3.797520
545.000000	-0.027940	-0.000357	-3.797520
546.000000	-0.028038	-0.000355	-3.797140
547.000000	-0.028136	-0.000353	-3.797520
548.000000	-0.028235	-0.000355	-3.797520
549.000000	-0.028336	-0.000363	-3.797520
550.000000	-0.028437	-0.000364	-3.797520
551.000000	-0.028538	-0.000363	-3.797520
552.000000	-0.028639	-0.000362	-3.797520
553.000000	-0.028739	-0.000361	-3.797520
554.000000	-0.028839	-0.000361	-3.797520
555.000000	-0.028940	-0.000361	-3.797520
556.000000	-0.029040	-0.000360	-3.797520
557.000000	-0.029140	-0.000362	-3.797520
558.000000	-0.029239	-0.000357	-3.797520
559.000000	-0.029339	-0.000358	-3.797520
560.000000	-0.029438	-0.000357	-3.797520
561.000000	-0.029538	-0.000359	-3.797520
562.000000	-0.029637	-0.000358	-3.797140
563.000000	-0.029737	-0.000359	-3.797520
564.000000	-0.029837	-0.000360	-3.797520
565.000000	-0.029937	-0.000359	-3.797520
566.000000	-0.030036	-0.000359	-3.797520
567.000000	-0.030136	-0.000360	-3.797520
568.000000	-0.030236	-0.000360	-3.797520
569.000000	-0.030336	-0.000358	-3.797520
570.000000	-0.030436	-0.000359	-3.797140
571.000000	-0.030535	-0.000359	-3.797520
572.000000	-0.030635	-0.000359	-3.797520
573.000000	-0.030735	-0.000359	-3.797520
574.000000	-0.030835	-0.000359	-3.797520
575.000000	-0.030934	-0.000359	-3.797520
576.000000	-0.031034	-0.000360	-3.797520
577.000000	-0.031134	-0.000360	-3.797520
578.000000	-0.031234	-0.000358	-3.797520
579.000000	-0.031334	-0.000362	-3.797520
580.000000	-0.031435	-0.000361	-3.797520
581.000000	-0.031534	-0.000357	-3.797520
582.000000	-0.031633	-0.000358	-3.797520
583.000000	-0.031734	-0.000363	-3.797520
584.000000	-0.031835	-0.000362	-3.797520
585.000000	-0.031935	-0.000362	-3.797520
586.000000	-0.032036	-0.000362	-3.797520
587.000000	-0.032135	-0.000360	-3.797520
588.000000	-0.032236	-0.000361	-3.797520
589.000000	-0.032336	-0.000362	-3.797520
590.000000	-0.032437	-0.000362	-3.797520
591.000000	-0.032537	-0.000362	-3.797520
592.000000	-0.032629	-0.000332	-3.797520
593.000000	-0.032732	-0.000369	-3.797520
594.000000	-0.032834	-0.000368	-3.797520
595.000000	-0.032936	-0.000367	-3.797520
596.000000	-0.033038	-0.000366	-3.797520
597.000000	-0.033139	-0.000366	-3.797520
598.000000	-0.033241	-0.000366	-3.797520
599.000000	-0.033343	-0.000365	-3.797520
600.000000	-0.033444	-0.000365	-3.797520
601.000000	-0.033545	-0.000364	-3.797520
602.000000	-0.033646	-0.000365	-3.797520
603.000000	-0.033748	-0.000365	-3.797520
604.000000	-0.033863	-0.000415	-3.797520
605.000000	-0.033982	-0.000427	-3.797520
606.000000	-0.034102	-0.000433	-3.797520
607.000000	-0.034223	-0.000437	-3.797520
608.000000	-0.034345	-0.000438	-3.797520
609.000000	-0.034469	-0.000446	-3.797520
610.000000	-0.034590	-0.000437	-3.797520
611.000000	-0.034714	-0.000445	-3.797520
612.000000	-0.034838	-0.000448	-3.797520
613.000000	-0.034963	-0.000448	-3.797520
614.000000	-0.035088	-0.000451	-3.797520
615.000000	-0.035214	-0.000454	-3.797520
616.000000	-0.035340	-0.000455	-3.797520
617.000000	-0.035466	-0.000454	-3.797520
618.000000	-0.035595	-0.000463	-3.797520
619.000000	-0.035725	-0.000467	-3.797520
620.000000	-0.035855	-0.000467	-3.797520
621.000000	-0.035985	-0.000470	-3.797140
622.000000	-0.036116	-0.000472	-3.797140
623.000000	-0.036247	-0.000472	-3.797520
624.000000	-0.036379	-0.000475	-3.797520
625.000000	-0.036511	-0.000476	-3.797140
626.000000	-0.036644	-0.000477	-3.797520
627.000000	-0.036779	-0.000487	-3.797520
628.000000	-0.036916	-0.000492	-3.797520
629.000000	-0.037074	-0.000569	-3.797520
630.000000	-0.037237	-0.000588	-3.797140
631.000000	-0.037402	-0.000595	-3.797140
632.000000	-0.037570	-0.000604	-3.797520
633.000000	-0.037736	-0.000600	-3.797520
634.000000	-0.037906	-0.000612	-3.797140
635.000000	-0.038079	-0.000620	-3.797140
636.000000	-0.038251	-0.000620	-3.797520
637.000000	-0.038426	-0.000631	-3.797520
638.000000	-0.038604	-0.000640	-3.797140
639.000000	-0.038782	-0.000641	-3.797520
640.000000	-0.038962	-0.000647	-3.797520
641.000000	-0.039143	-0.000653	-3.797520
642.000000	-0.039326	-0.000660	-3.797520
643.000000	-0.039508	-0.000655	-3.797520
644.000000	-0.039688	-0.000647	-3.797520
645.000000	-0.039868	-0.000647	-3.797520
646.000000	-0.040051	-0.000658	-3.797520
647.000000	-0.040234	-0.000658	-3.797520
648.000000	-0.040422	-0.000679	-3.797520
649.000000	-0.040611	-0.000680	-3.797520
650.000000	-0.040796	-0.000666	-3.797140
651.000000	-0.040980	-0.000663	-3.797140
652.000000	-0.041170	-0.000681	-3.797140
653.000000	-0.041361	-0.000690	-3.797140
654.000000	-0.041560	-0.000718	-3.797520
655.000000	-0.041762	-0.000726	-3.797520
656.000000	-0.041972	-0.000757	-3.797520
657.000000	-0.042193	-0.000793	-3.797520
658.000000	-0.042415	-0.000802	-3.797520
659.000000	-0.042640	-0.000808	-3.797520
660.000000	-0.042866	-0.000815	-3.797520
661.000000	-0.043095	-0.000825	-3.797140
662.000000	-0.043326	-0.000829	-3.797520
663.000000	-0.043559	-0.000840	-3.797520
664.000000	-0.043792	-0.000838	-3.797520
665.000000	-0.044027	-0.000845	-3.797520
666.000000	-0.044262	-0.000848	-3.797520
667.000000	-0.044499	-0.000854	-3.797520
668.000000	-0.044739	-0.000863	-3.797140
669.000000	-0.044979	-0.000865	-3.797520
670.000000	-0.045224	-0.000881	-3.797520
671.000000	-0.045467	-0.000876	-3.797520
672.000000	-0.045709	-0.000869	-3.797520
673.000000	-0.045951	-0.000871	-3.797520
674.000000	-0.046194	-0.000876	-3.797520
675.000000	-0.046439	-0.000880	-3.797520
676.000000	-0.046685	-0.000886	-3.797520
677.000000	-0.046933	-0.000895	-3.797520
678.000000	-0.047182	-0.000894	-3.797520
679.000000	-0.047432	-0.000900	-3.797520
680.000000	-0.047681	-0.000898	-3.797520
681.000000	-0.047930	-0.000895	-3.797520
682.000000	-0.048182	-0.000910	-3.797520
683.000000	-0.048436	-0.000912	-3.797520
684.000000	-0.048691	-0.000918	-3.797520
685.000000	-0.048947	-0.000921	-3.797520
686.000000	-0.049204	-0.000925	-3.797520
687.000000	-0.049462	-0.000929	-3.797520
688.000000	-0.049716	-0.000914	-3.797520
689.000000	-0.049971	-0.000920	-3.797520
690.000000	-0.050226	-0.000917	-3.797520
691.000000	-0.050480	-0.000916	-3.797520
692.000000	-0.050736	-0.000920	-3.797520
693.000000	-0.050998	-0.000944	-3.797520
694.000000	-0.051260	-0.000943	-3.797520
695.000000	-0.051521	-0.000939	-3.797520
696.000000	-0.051793	-0.000980	-3.797520
697.000000	-0.052067	-0.000987	-3.797520
698.000000	-0.052339	-0.000981	-3.797520
699.000000	-0.052612	-0.000980	-3.797520
700.000000	-0.052886	-0.000987	-3.797520
701.000000	-0.053162	-0.000994	-3.797520
702.000000	-0.053437	-0.000992	-3.797520
703.000000	-0.053714	-0.000995	-3.797520
704.000000	-0.053992	-0.001001	-3.797520
705.000000	-0.054272	-0.001009	-3.797520
706.000000	-0.054552	-0.001009	-3.797520
707.000000	-0.054828	-0.000992	-3.797520
708.000000	-0.055107	-0.001003	-3.797520
709.000000	-0.055384	-0.001000	-3.797520
710.000000	-0.055660	-0.000994	-3.797520
711.000000	-0.055937	-0.000996	-3.797520
712.000000	-0.056217	-0.001008	-3.797520
713.000000	-0.056499	-0.001015	-3.797520
714.000000	-0.056783	-0.001021	-3.797520
715.000000	-0.057068	-0.001028	-3.797520
716.000000	-0.057355	-0.001031	-3.797520
717.000000	-0.057639	-0.001025	-3.797520
718.000000	-0.057925	-0.001029	-3.797520
719.000000	-0.058211	-0.001029	-3.797520
720.000000	-0.058497	-0.001031	-3.797520
721.000000	-0.058785	-0.001035	-3.797520
722.000000	-0.059072	-0.001035	-3.797520
723.000000	-0.059361	-0.001039	-3.797520
724.000000	-0.059652	-0.001047	-3.797520
725.000000	-0.059944	-0.001051	-3.797520
726.000000	-0.060232	-0.001039	-3.797520
727.000000	-0.060520	-0.001035	-3.797520
728.000000	-0.060811	-0.001048	-3.797520
729.000000	-0.061099	-0.001036	-3.797520
730.000000	-0.061386	-0.001033	-3.797520
731.000000	-0.061673	-0.001033	-3.797520
732.000000	-0.061963	-0.001044	-3.797520
733.000000	-0.062252	-0.001042	-3.797520
734.000000	-0.062544	-0.001049	-3.797520
735.000000	-0.062835	-0.001048	-3.797520
736.000000	-0.063126	-0.001050	-3.797520
737.000000	-0.063420	-0.001056	-3.797520
738.000000	-0.063714	-0.001060	-3.797520
739.000000	-0.064007	-0.001054	-3.797520
740.000000	-0.064299	-0.001054	-3.797520
741.000000	-0.064592	-0.001055	-3.797520
742.000000	-0.064885	-0.001055	-3.797520
743.000000	-0.065179	-0.001057	-3.797520
744.000000	-0.065476	-0.001068	-3.797520
745.000000	-0.065772	-0.001066	-3.797520
746.000000	-0.066068	-0.001064	-3.797520
747.000000	-0.066362	-0.001060	-3.797520
748.000000	-0.066657	-0.001061	-3.797520
749.000000	-0.066952	-0.001062	-3.797520
750.000000	-0.067250	-0.001073	-3.797520
751.000000	-0.067547	-0.001071	-3.797520
752.000000	-0.067845	-0.001071	-3.797520
753.000000	-0.068141	-0.001067	-3.797520
754.000000	-0.068438	-0.001069	-3.797520
755.000000	-0.068735	-0.001070	-3.797520
756.000000	-0.069033	-0.001071	-3.797520
757.000000	-0.069329	-0.001067	-3.797520
758.000000	-0.069623	-0.001058	-3.797520
759.000000	-0.069923	-0.001078	-3.797520
760.000000	-0.070223	-0.001082	-3.797520
761.000000	-0.070515	-0.001051	-3.797520
762.000000	-0.070816	-0.001083	-3.797520
763.000000	-0.071112	-0.001065	-3.797520
764.000000	-0.071411	-0.001076	-3.797520
765.000000	-0.071710	-0.001077	-3.797520
766.000000	-0.072010	-0.001077	-3.797520
767.000000	-0.072309	-0.001078	-3.797520
768.000000	-0.072609	-0.001079	-3.797520
769.000000	-0.072909	-0.001080	-3.797520
770.000000	-0.073215	-0.001102	-3.797520
771.000000	-0.073522	-0.001106	-3.797520
772.000000	-0.073826	-0.001095	-3.797520
773.000000	-0.074130	-0.001094	-3.797520
774.000000	-0.074435	-0.001097	-3.797520
775.000000	-0.074740	-0.001097	-3.797520
776.000000	-0.075044	-0.001095	-3.797520
777.000000	-0.075349	-0.001098	-3.797520
778.000000	-0.075652	-0.001090	-3.797520
779.000000	-0.075956	-0.001096	-3.797520
780.000000	-0.076261	-0.001099	-3.797520
781.000000	-0.076569	-0.001109	-3.797520
782.000000	-0.076878	-0.001112	-3.797520
783.000000	-0.077187	-0.001112	-3.797520
784.000000	-0.077495	-0.001106	-3.797520
785.000000	-0.077801	-0.001103	-3.797520
786.000000	-0.078107	-0.001103	-3.797520
787.000000	-0.078414	-0.001105	-3.797520
788.000000	-0.078723	-0.001110	-3.797520
789.000000	-0.079032	-0.001113	-3.797520
790.000000	-0.079341	-0.001112	-3.797520
791.000000	-0.079650	-0.001112	-3.797520
792.000000	-0.079959	-0.001115	-3.797520
793.000000	-0.080269	-0.001116	-3.797520
794.000000	-0.080579	-0.001116	-3.797520
795.000000	-0.080890	-0.001118	-3.797520
796.000000	-0.081201	-0.001121	-3.797520
797.000000	-0.081513	-0.001123	-3.797520
798.000000	-0.081826	-0.001126	-3.797520
799.000000	-0.082139	-0.001127	-3.797520
800.000000	-0.082452	-0.001128	-3.797520
801.000000	-0.082766	-0.001129	-3.797520
802.000000	-0.083080	-0.001131	-3.797520
803.000000	-0.083395	-0.001133	-3.797520
804.000000	-0.083710	-0.001134	-3.797520
805.000000	-0.084025	-0.001135	-3.797520
806.000000	-0.084341	-0.001136	-3.797520
807.000000	-0.084657	-0.001138	-3.797520
808.000000	-0.084973	-0.001139	-3.797520
809.000000	-0.085290	-0.001140	-3.797520
810.000000	-0.085606	-0.001141	-3.797520
811.000000	-0.085924	-0.001142	-3.797520
812.000000	-0.086241	-0.001142	-3.797520
813.000000	-0.086558	-0.001142	-3.797520
814.000000	-0.086876	-0.001144	-3.797520
815.000000	-0.087194	-0.001144	-3.797520
816.000000	-0.087512	-0.001145	-3.797520
817.000000	-0.087830	-0.001147	-3.797520
818.000000	-0.088149	-0.001147	-3.797520
819.000000	-0.088467	-0.001147	-3.797520
820.000000	-0.088786	-0.001146	-3.797520
821.000000	-0.089104	-0.001146	-3.797520
822.000000	-0.089423	-0.001146	-3.797520
823.000000	-0.089741	-0.001145	-3.797520
824.000000	-0.090058	-0.001142	-3.797520
825.000000	-0.090374	-0.001139	-3.797520
826.000000	-0.090697	-0.001162	-3.797520
827.000000	-0.091020	-0.001163	-3.797520
828.000000	-0.091344	-0.001165	-3.797520
829.000000	-0.091668	-0.001166	-3.797520
830.000000	-0.091992	-0.001167	-3.797520
831.000000	-0.092316	-0.001167	-3.797520
832.000000	-0.092640	-0.001167	-3.797520
833.000000	-0.092966	-0.001172	-3.797520
834.000000	-0.093292	-0.001173	-3.797520
835.000000	-0.093618	-0.001173	-3.797520
836.000000	-0.093943	-0.001172	-3.797520
837.000000	-0.094269	-0.001172	-3.797520
838.000000	-0.094594	-0.001172	-3.797520
839.000000	-0.094920	-0.001173	-3.797520
840.000000	-0.095246	-0.001173	-3.797520
841.000000	-0.095572	-0.001174	-3.797520
842.000000	-0.095898	-0.001175	-3.797520
843.000000	-0.096224	-0.001174	-3.797520
844.000000	-0.096549	-0.001170	-3.797520
845.000000	-0.096874	-0.001170	-3.797520
846.000000	-0.097199	-0.001169	-3.797520
847.000000	-0.097524	-0.001169	-3.797520
848.000000	-0.097849	-0.001169	-3.797520
849.000000	-0.098173	-0.001169	-3.797520
850.000000	-0.098498	-0.001168	-3.797520
851.000000	-0.098822	-0.001166	-3.797520
852.000000	-0.099145	-0.001164	-3.797520
853.000000	-0.099468	-0.001164	-3.797520
854.000000	-0.099796	-0.001180	-3.797520
855.000000	-0.100122	-0.001173	-3.797520
856.000000	-0.100447	-0.001169	-3.797520
857.000000	-0.100770	-0.001164	-3.797520
858.000000	-0.101096	-0.001174	-3.797520
859.000000	-0.101422	-0.001174	-3.797520
860.000000	-0.101750	-0.001180	-3.797520
861.000000	-0.102079	-0.001183	-3.797520
862.000000	-0.102407	-0.001184	-3.797520
863.000000	-0.102739	-0.001194	-3.797520
864.000000	-0.103070	-0.001193	-3.797520
865.000000	-0.103402	-0.001192	-3.797520
866.000000	-0.103733	-0.001193	-3.797520
867.000000	-0.104063	-0.001189	-3.797520
868.000000	-0.104397	-0.001201	-3.797520
869.000000	-0.104730	-0.001198	-3.797520
870.000000	-0.105063	-0.001200	-3.797520
871.000000	-0.105397	-0.001202	-3.797520
872.000000	-0.105732	-0.001204	-3.797520
873.000000	-0.106066	-0.001205	-3.797520
874.000000	-0.106401	-0.001206	-3.797520
875.000000	-0.106737	-0.001207	-3.797520
876.000000	-0.107072	-0.001208	-3.797520
877.000000	-0.107408	-0.001208	-3.797520
878.000000	-0.107743	-0.001208	-3.797520
879.000000	-0.108079	-0.001208	-3.797520
880.000000	-0.108414	-0.001209	-3.797520
881.000000	-0.108750	-0.001208	-3.797520
882.000000	-0.109086	-0.001209	-3.797520
883.000000	-0.109422	-0.001209	-3.797520
884.000000	-0.109758	-0.001211	-3.797520
885.000000	-0.110094	-0.001211	-3.797520
886.000000	-0.110431	-0.001213	-3.797520
887.000000	-0.110769	-0.001215	-3.797520
888.000000	-0.111107	-0.001218	-3.797520
889.000000	-0.111445	-0.001217	-3.797520
890.000000	-0.111783	-0.001215	-3.797520
891.000000	-0.112119	-0.001211	-3.797520
892.000000	-0.112457	-0.001216	-3.797520
893.000000	-0.112793	-0.001212	-3.797520
894.000000	-0.113133	-0.001223	-3.797520
895.000000	-0.113474	-0.001229	-3.797520
896.000000	-0.113816	-0.001230	-3.797520
897.000000	-0.114158	-0.001232	-3.797520
898.000000	-0.114501	-0.001235	-3.797520
899.000000	-0.114845	-0.001236	-3.797520
900.000000	-0.115188	-0.001236	-3.797520
901.000000	-0.115532	-0.001239	-3.797520
902.000000	-0.115877	-0.001241	-3.797520
903.000000	-0.116221	-0.001237	-3.797520
904.000000	-0.116561	-0.001225	-3.797520
905.000000	-0.116902	-0.001228	-3.797520
906.000000	-0.117243	-0.001227	-3.797520
907.000000	-0.117584	-0.001228	-3.797520
908.000000	-0.117925	-0.001230	-3.797520
909.000000	-0.118269	-0.001236	-3.797520
910.000000	-0.118614	-0.001241	-3.797520
911.000000	-0.118959	-0.001243	-3.797520
912.000000	-0.119304	-0.001244	-3.797520
913.000000	-0.119651	-0.001248	-3.797520
914.000000	-0.119999	-0.001251	-3.797520
915.000000	-0.120350	-0.001264	-3.797520
916.000000	-0.120703	-0.001273	-3.797520
917.000000	-0.121059	-0.001279	-3.797520
918.000000	-0.121414	-0.001281	-3.797520
919.000000	-0.121770	-0.001282	-3.797520
920.000000	-0.122127	-0.001282	-3.797520
921.000000	-0.122483	-0.001283	-3.797520
922.000000	-0.122840	-0.001284	-3.797520
923.000000	-0.123197	-0.001285	-3.797520
924.000000	-0.123554	-0.001286	-3.797520
925.000000	-0.123912	-0.001288	-3.797520
926.000000	-0.124270	-0.001288	-3.797520
927.000000	-0.124628	-0.001290	-3.797520
928.000000	-0.124986	-0.001290	-3.797520
929.000000	-0.125345	-0.001291	-3.797520
930.000000	-0.125704	-0.001292	-3.797520
931.000000	-0.126063	-0.001294	-3.797520
932.000000	-0.126423	-0.001295	-3.797520
933.000000	-0.126783	-0.001295	-3.797520
934.000000	-0.127142	-0.001295	-3.797520
935.000000	-0.127502	-0.001295	-3.797520
936.000000	-0.127862	-0.001296	-3.797520
937.000000	-0.128223	-0.001297	-3.797520
938.000000	-0.128583	-0.001298	-3.797520
939.000000	-0.128944	-0.001300	-3.797520
940.000000	-0.129306	-0.001301	-3.797520
941.000000	-0.129667	-0.001302	-3.797520
942.000000	-0.130029	-0.001303	-3.797520
943.000000	-0.130391	-0.001304	-3.797520
944.000000	-0.130754	-0.001305	-3.797520
945.000000	-0.131116	-0.001306	-3.797520
946.000000	-0.131480	-0.001307	-3.797520
947.000000	-0.131843	-0.001308	-3.797520
948.000000	-0.132206	-0.001309	-3.797520
949.000000	-0.132570	-0.001309	-3.797520
950.000000	-0.132934	-0.001309	-3.797520
951.000000	-0.133297	-0.001309	-3.797520
952.000000	-0.133661	-0.001309	-3.797520
953.000000	-0.134025	-0.001310	-3.797520
954.000000	-0.134389	-0.001311	-3.797520
955.000000	-0.134753	-0.001309	-3.797520
956.000000	-0.135116	-0.001309	-3.797520
957.000000	-0.135479	-0.001307	-3.797520
958.000000	-0.135842	-0.001307	-3.797520
959.000000	-0.136205	-0.001307	-3.797520
960.000000	-0.136569	-0.001307	-3.797520
961.000000	-0.136931	-0.001306	-3.797520
962.000000	-0.137292	-0.001300	-3.797520
963.000000	-0.137654	-0.001300	-3.797520
964.000000	-0.138013	-0.001292	-3.797520
965.000000	-0.138368	-0.001281	-3.797520
966.000000	-0.138723	-0.001277	-3.797520
967.000000	-0.139080	-0.001284	-3.797520
968.000000	-0.139437	-0.001285	-3.797520
969.000000	-0.139794	-0.001288	-3.797520
970.000000	-0.140153	-0.001291	-3.797520
971.000000	-0.140512	-0.001292	-3.797520
972.000000	-0.140866	-0.001277	-3.797520
973.000000	-0.141225	-0.001291	-3.797520
974.000000	-0.141585	-0.001294	-3.797520
975.000000	-0.141944	-0.001295	-3.797520
976.000000	-0.142304	-0.001295	-3.797520
977.000000	-0.142663	-0.001294	-3.797520
978.000000	-0.143023	-0.001295	-3.797520
979.000000	-0.143383	-0.001295	-3.797520
980.000000	-0.143743	-0.001297	-3.797520
981.000000	-0.144103	-0.001298	-3.797520
982.000000	-0.144462	-0.001292	-3.797520
983.000000	-0.144823	-0.001297	-3.797520
984.000000	-0.145183	-0.001297	-3.797520
985.000000	-0.145543	-0.001297	-3.797520
986.000000	-0.145904	-0.001298	-3.797520
987.000000	-0.146265	-0.001299	-3.797520
988.000000	-0.146625	-0.001297	-3.797520
989.000000	-0.146985	-0.001297	-3.797520
990.000000	-0.147346	-0.001299	-3.797520
991.000000	-0.147708	-0.001300	-3.797520
992.000000	-0.148069	-0.001300	-3.797520
993.000000	-0.148430	-0.001302	-3.797520
994.000000	-0.148793	-0.001306	-3.797520
995.000000	-0.149156	-0.001307	-3.797520
996.000000	-0.149520	-0.001309	-3.797520
997.000000	-0.149884	-0.001312	-3.797520
998.000000	-0.150251	-0.001320	-3.797520
999.000000	-0.150619	-0.001324	-3.797520
1000.000000	-0.150987	-0.001325	-3.797520
1001.000000	-0.151355	-0.001328	-3.797520
1002.000000	-0.151724	-0.001329	-3.797520
1003.000000	-0.152094	-0.001331	-3.797520
1004.000000	-0.152464	-0.001332	-3.797520
1005.000000	-0.152834	-0.001332	-3.797520
1006.000000	-0.153205	-0.001334	-3.797520
1007.000000	-0.153576	-0.001337	-3.797520
1008.000000	-0.153949	-0.001344	-3.797520
1009.000000	-0.154323	-0.001344	-3.797520
1010.000000	-0.154696	-0.001343	-3.797520
1011.000000	-0.155070	-0.001345	-3.797520
1012.000000	-0.155444	-0.001348	-3.797520
1013.000000	-0.155819	-0.001348	-3.797520
1014.000000	-0.156192	-0.001346	-3.797520
1015.000000	-0.156568	-0.001352	-3.797520
1016.000000	-0.156944	-0.001354	-3.797520
1017.000000	-0.157320	-0.001355	-3.797520
1018.000000	-0.157697	-0.001356	-3.797520
1019.000000	-0.158074	-0.001357	-3.797520
1020.000000	-0.158451	-0.001358	-3.797520
1021.000000	-0.158829	-0.001359	-3.797520
1022.000000	-0.159207	-0.001361	-3.797520
1023.000000	-0.159586	-0.001362	-3.797520
1024.000000	-0.159964	-0.001363	-3.797520
1025.000000	-0.160343	-0.001363	-3.797520
1026.000000	-0.160722	-0.001364	-3.797520
1027.000000	-0.161101	-0.001365	-3.797520
1028.000000	-0.161480	-0.001366	-3.797520
1029.000000	-0.161861	-0.001372	-3.797520
1030.000000	-0.162243	-0.001374	-3.797520
1031.000000	-0.162625	-0.001374	-3.797520
1032.000000	-0.163007	-0.001375	-3.797520
1033.000000	-0.163388	-0.001373	-3.797520
1034.000000	-0.163769	-0.001372	-3.797520
1035.000000	-0.164151	-0.001373	-3.797520
1036.000000	-0.164532	-0.001374	-3.797520
1037.000000	-0.164915	-0.001377	-3.797520
1038.000000	-0.165297	-0.001377	-3.797520
1039.000000	-0.165680	-0.001378	-3.797520
1040.000000	-0.166063	-0.001380	-3.797520
1041.000000	-0.166447	-0.001380	-3.797520
1042.000000	-0.166825	-0.001360	-3.797520
1043.000000	-0.167213	-0.001397	-3.797520
1044.000000	-0.167599	-0.001390	-3.797520
1045.000000	-0.167985	-0.001391	-3.797520
1046.000000	-0.168372	-0.001393	-3.797520
1047.000000	-0.168760	-0.001394	-3.797520
1048.000000	-0.169147	-0.001394	-3.797520
1049.000000	-0.169535	-0.001396	-3.797520
1050.000000	-0.169922	-0.001396	-3.797520
1051.000000	-0.170311	-0.001397	-3.797520
1052.000000	-0.170699	-0.001399	-3.797520
1053.000000	-0.171088	-0.001401	-3.797520
1054.000000	-0.171478	-0.001403	-3.797520
1055.000000	-0.171868	-0.001405	-3.797520
1056.000000	-0.172259	-0.001406	-3.797520
1057.000000	-0.172650	-0.001409	-3.797520
1058.000000	-0.173043	-0.001412	-3.797520
1059.000000	-0.173435	-0.001413	-3.797520
1060.000000	-0.173828	-0.001415	-3.797520
1061.000000	-0.174222	-0.001419	-3.797520
1062.000000	-0.174617	-0.001421	-3.797520
1063.000000	-0.175012	-0.001421	-3.797520
1064.000000	-0.175406	-0.001419	-3.797520
1065.000000	-0.175800	-0.001418	-3.797520
1066.000000	-0.176194	-0.001419	-3.797520
1067.000000	-0.176588	-0.001417	-3.797520
1068.000000	-0.176983	-0.001420	-3.797520
1069.000000	-0.177376	-0.001417	-3.797520
1070.000000	-0.177770	-0.001417	-3.797520
1071.000000	-0.178166	-0.001427	-3.797520
1072.000000	-0.178563	-0.001430	-3.797520
1073.000000	-0.178961	-0.001432	-3.797520
1074.000000	-0.179360	-0.001434	-3.797520
1075.000000	-0.179758	-0.001434	-3.797520
1076.000000	-0.180156	-0.001434	-3.797520
1077.000000	-0.180555	-0.001436	-3.797520
1078.000000	-0.180954	-0.001436	-3.797520
1079.000000	-0.181353	-0.001438	-3.797520
1080.000000	-0.181753	-0.001439	-3.797520
1081.000000	-0.182153	-0.001440	-3.797520
1082.000000	-0.182551	-0.001431	-3.797520
1083.000000	-0.182946	-0.001423	-3.797520
1084.000000	-0.183342	-0.001428	-3.797520
1085.000000	-0.183739	-0.001427	-3.797520
1086.000000	-0.184135	-0.001426	-3.797520
1087.000000	-0.184532	-0.001429	-3.797520
1088.000000	-0.184927	-0.001425	-3.797520
1089.000000	-0.185323	-0.001425	-3.797520
1090.000000	-0.185722	-0.001437	-3.797520
1091.000000	-0.186120	-0.001431	-3.797520
1092.000000	-0.186518	-0.001434	-3.797520
1093.000000	-0.186917	-0.001434	-3.797520
1094.000000	-0.187315	-0.001433	-3.797520
1095.000000	-0.187712	-0.001430	-3.797520
1096.000000	-0.188111	-0.001437	-3.797520
1097.000000	-0.188510	-0.001437	-3.797520
1098.000000	-0.188909	-0.001436	-3.797520
1099.000000	-0.189308	-0.001436	-3.797520
1100.000000	-0.189707	-0.001436	-3.797520
1101.000000	-0.190106	-0.001436	-3.797520
1102.000000	-0.190505	-0.001437	-3.797520
1103.000000	-0.190904	-0.001437	-3.797520
1104.000000	-0.191305	-0.001443	-3.797520
1105.000000	-0.191707	-0.001446	-3.797520
1106.000000	-0.192109	-0.001448	-3.797520
1107.000000	-0.192523	-0.001492	-3.797520
1108.000000	-0.192938	-0.001495	-3.797520
1109.000000	-0.193354	-0.001497	-3.797520
1110.000000	-0.193769	-0.001493	-3.797520
1111.000000	-0.194183	-0.001492	-3.797520
1112.000000	-0.194599	-0.001497	-3.797520
1113.000000	-0.195015	-0.001498	-3.797520
1114.000000	-0.195431	-0.001498	-3.797520
1115.000000	-0.195850	-0.001508	-3.797520
1116.000000	-0.196269	-0.001509	-3.797520
1117.000000	-0.196686	-0.001499	-3.797520
1118.000000	-0.197103	-0.001502	-3.797520
1119.000000	-0.197521	-0.001505	-3.797520
1120.000000	-0.197939	-0.001505	-3.797520
1121.000000	-0.198358	-0.001507	-3.797520
1122.000000	-0.198777	-0.001508	-3.797520
1123.000000	-0.199196	-0.001509	-3.797520
1124.000000	-0.199616	-0.001513	-3.797520
1125.000000	-0.200037	-0.001513	-3.797520
1126.000000	-0.200457	-0.001515	-3.797520
1127.000000	-0.200879	-0.001517	-3.797520
1128.000000	-0.201300	-0.001518	-3.797520
1129.000000	-0.201722	-0.001519	-3.797520
1130.000000	-0.202144	-0.001518	-3.797520
1131.000000	-0.202567	-0.001521	-3.797520
1132.000000	-0.202988	-0.001519	-3.797520
1133.000000	-0.203411	-0.001520	-3.797520
1134.000000	-0.203834	-0.001522	-3.797520
1135.000000	-0.204258	-0.001526	-3.797520
1136.000000	-0.204683	-0.001530	-3.797520
1137.000000	-0.205108	-0.001531	-3.797520
1138.000000	-0.205534	-0.001533	-3.797520
1139.000000	-0.205960	-0.001534	-3.797520
1140.000000	-0.206386	-0.001534	-3.797520
1141.000000	-0.206812	-0.001535	-3.797520
1142.000000	-0.207239	-0.001537	-3.797520
1143.000000	-0.207667	-0.001538	-3.797520
1144.000000	-0.208094	-0.001539	-3.797520
1145.000000	-0.208522	-0.001541	-3.797520
1146.000000	-0.208950	-0.001542	-3.797520
1147.000000	-0.209379	-0.001543	-3.797520
1148.000000	-0.209808	-0.001543	-3.797520
1149.000000	-0.210236	-0.001541	-3.797520
1150.000000	-0.210664	-0.001541	-3.797520
1151.000000	-0.211092	-0.001543	-3.797520
1152.000000	-0.211521	-0.001542	-3.797520
1153.000000	-0.211949	-0.001542	-3.797520
1154.000000	-0.212377	-0.001540	-3.797520
1155.000000	-0.212805	-0.001541	-3.797520
1156.000000	-0.213232	-0.001536	-3.797520
1157.000000	-0.213660	-0.001543	-3.797520
