time	charge	amps	volts
1.000000	-0.000310	-0.001118	-3.597010
2.000000	-0.000612	-0.001085	-3.597010
3.000000	-0.000908	-0.001066	-3.597390
4.000000	-0.001202	-0.001057	-3.597390
5.000000	-0.001494	-0.001052	-3.597390
6.000000	-0.001784	-0.001046	-3.597390
7.000000	-0.002074	-0.001043	-3.597390
8.000000	-0.002363	-0.001040	-3.597390
9.000000	-0.002651	-0.001037	-3.597390
10.000000	-0.002938	-0.001035	-3.597390
11.000000	-0.003226	-0.001034	-3.597390
12.000000	-0.003512	-0.001033	-3.597390
13.000000	-0.003799	-0.001032	-3.597390
14.000000	-0.004085	-0.001031	-3.597390
15.000000	-0.004371	-0.001030	-3.597390
16.000000	-0.004657	-0.001029	-3.597390
17.000000	-0.004943	-0.001029	-3.597390
18.000000	-0.005229	-0.001028	-3.597390
19.000000	-0.005514	-0.001028	-3.597390
20.000000	-0.005800	-0.001027	-3.597390
21.000000	-0.006085	-0.001027	-3.597390
22.000000	-0.006370	-0.001027	-3.597390
23.000000	-0.006655	-0.001027	-3.597390
24.000000	-0.006941	-0.001027	-3.597390
25.000000	-0.007226	-0.001027	-3.597390
26.000000	-0.007511	-0.001027	-3.597390
27.000000	-0.007796	-0.001027	-3.597390
28.000000	-0.008082	-0.001027	-3.597390
29.000000	-0.008367	-0.001027	-3.597390
30.000000	-0.008652	-0.001027	-3.597390
31.000000	-0.008938	-0.001028	-3.597390
32.000000	-0.009224	-0.001028	-3.597390
33.000000	-0.009509	-0.001028	-3.597390
34.000000	-0.009795	-0.001028	-3.597390
35.000000	-0.010081	-0.001029	-3.597390
36.000000	-0.010366	-0.001029	-3.597390
37.000000	-0.010652	-0.001029	-3.597390
38.000000	-0.010938	-0.001029	-3.597390
39.000000	-0.011224	-0.001030	-3.597390
40.000000	-0.011510	-0.001030	-3.597390
41.000000	-0.011796	-0.001030	-3.597390
42.000000	-0.012083	-0.001030	-3.597390
43.000000	-0.012369	-0.001030	-3.597390
44.000000	-0.012655	-0.001030	-3.597390
45.000000	-0.012941	-0.001031	-3.597390
46.000000	-0.013228	-0.001031	-3.597390
47.000000	-0.013514	-0.001031	-3.597390
48.000000	-0.013800	-0.001031	-3.597390
49.000000	-0.014087	-0.001030	-3.597390
50.000000	-0.014373	-0.001031	-3.597390
51.000000	-0.014659	-0.001031	-3.597390
52.000000	-0.014946	-0.001031	-3.597390
53.000000	-0.015232	-0.001031	-3.597390
54.000000	-0.015519	-0.001032	-3.597390
55.000000	-0.015806	-0.001033	-3.597390
56.000000	-0.016093	-0.001034	-3.597390
57.000000	-0.016380	-0.001034	-3.597390
58.000000	-0.016668	-0.001034	-3.597390
59.000000	-0.016955	-0.001035	-3.597390
60.000000	-0.017243	-0.001036	-3.597390
61.000000	-0.017531	-0.001036	-3.597390
62.000000	-0.017819	-0.001036	-3.597390
63.000000	-0.018106	-0.001036	-3.597390
64.000000	-0.018394	-0.001036	-3.597390
65.000000	-0.018682	-0.001036	-3.597390
66.000000	-0.018970	-0.001037	-3.597390
67.000000	-0.019258	-0.001037	-3.597390
68.000000	-0.019546	-0.001037	-3.597390
69.000000	-0.019835	-0.001038	-3.597390
70.000000	-0.020123	-0.001039	-3.597390
71.000000	-0.020412	-0.001040	-3.597390
72.000000	-0.020702	-0.001041	-3.597390
73.000000	-0.020991	-0.001041	-3.597390
74.000000	-0.021280	-0.001041	-3.597390
75.000000	-0.021569	-0.001042	-3.597390
76.000000	-0.021859	-0.001042	-3.597390
77.000000	-0.022149	-0.001043	-3.597390
78.000000	-0.022439	-0.001044	-3.597390
79.000000	-0.022729	-0.001044	-3.597390
80.000000	-0.023019	-0.001045	-3.597390
81.000000	-0.023309	-0.001046	-3.597390
82.000000	-0.023600	-0.001046	-3.597390
83.000000	-0.023891	-0.001047	-3.597390
84.000000	-0.024182	-0.001048	-3.597390
85.000000	-0.024474	-0.001050	-3.597390
86.000000	-0.024765	-0.001050	-3.597390
87.000000	-0.025057	-0.001051	-3.597390
88.000000	-0.025350	-0.001052	-3.597390
89.000000	-0.025642	-0.001053	-3.597390
90.000000	-0.025935	-0.001053	-3.597390
91.000000	-0.026227	-0.001053	-3.597390
92.000000	-0.026520	-0.001054	-3.597390
93.000000	-0.026813	-0.001055	-3.597390
94.000000	-0.027106	-0.001056	-3.597390
95.000000	-0.027399	-0.001057	-3.597390
96.000000	-0.027693	-0.001057	-3.597390
97.000000	-0.027987	-0.001058	-3.597390
98.000000	-0.028281	-0.001059	-3.597390
99.000000	-0.028575	-0.001059	-3.597390
100.000000	-0.028870	-0.001060	-3.597390
101.000000	-0.029165	-0.001061	-3.597390
102.000000	-0.029459	-0.001061	-3.597390
103.000000	-0.029755	-0.001063	-3.597390
104.000000	-0.030050	-0.001063	-3.597390
105.000000	-0.030345	-0.001064	-3.597390
106.000000	-0.030641	-0.001064	-3.597390
107.000000	-0.030937	-0.001065	-3.597390
108.000000	-0.031233	-0.001066	-3.597390
109.000000	-0.031529	-0.001066	-3.597390
110.000000	-0.031825	-0.001067	-3.597390
111.000000	-0.032122	-0.001068	-3.597390
112.000000	-0.032419	-0.001068	-3.597390
113.000000	-0.032715	-0.001068	-3.597390
114.000000	-0.033012	-0.001069	-3.597390
115.000000	-0.033309	-0.001070	-3.597390
116.000000	-0.033607	-0.001070	-3.597390
117.000000	-0.033904	-0.001072	-3.597390
118.000000	-0.034202	-0.001072	-3.597390
119.000000	-0.034500	-0.001073	-3.597390
120.000000	-0.034799	-0.001077	-3.597390
121.000000	-0.035099	-0.001079	-3.597390
122.000000	-0.035399	-0.001079	-3.597390
123.000000	-0.035699	-0.001080	-3.597390
124.000000	-0.036019	-0.001153	-3.597390
125.000000	-0.036320	-0.001082	-3.597390
126.000000	-0.036620	-0.001082	-3.597390
127.000000	-0.036921	-0.001082	-3.597390
128.000000	-0.037221	-0.001082	-3.597390
129.000000	-0.037522	-0.001082	-3.597390
130.000000	-0.037823	-0.001083	-3.597390
131.000000	-0.038124	-0.001083	-3.597390
132.000000	-0.038425	-0.001084	-3.597390
133.000000	-0.038726	-0.001084	-3.597390
134.000000	-0.039027	-0.001085	-3.597390
135.000000	-0.039329	-0.001085	-3.597390
136.000000	-0.039630	-0.001085	-3.597390
137.000000	-0.039932	-0.001085	-3.597390
138.000000	-0.040233	-0.001086	-3.597390
139.000000	-0.040535	-0.001086	-3.597390
140.000000	-0.040837	-0.001086	-3.597390
141.000000	-0.041138	-0.001087	-3.597390
142.000000	-0.041440	-0.001088	-3.597390
143.000000	-0.041743	-0.001088	-3.597390
144.000000	-0.042045	-0.001088	-3.597390
145.000000	-0.042347	-0.001088	-3.597390
146.000000	-0.042650	-0.001089	-3.597390
147.000000	-0.042952	-0.001089	-3.597390
148.000000	-0.043254	-0.001087	-3.597390
149.000000	-0.043555	-0.001086	-3.597390
150.000000	-0.043857	-0.001086	-3.597390
151.000000	-0.044159	-0.001087	-3.597390
152.000000	-0.044461	-0.001089	-3.597390
153.000000	-0.044757	-0.001064	-3.597390
154.000000	-0.044888	-0.000472	-3.597390
155.000000	-0.045019	-0.000470	-3.597390
156.000000	-0.045149	-0.000469	-3.597390
157.000000	-0.045279	-0.000468	-3.597390
158.000000	-0.045409	-0.000468	-3.597390
159.000000	-0.045539	-0.000467	-3.597390
160.000000	-0.045668	-0.000467	-3.597390
161.000000	-0.045798	-0.000467	-3.597390
162.000000	-0.045928	-0.000467	-3.597390
163.000000	-0.046057	-0.000466	-3.597390
164.000000	-0.046187	-0.000467	-3.597390
165.000000	-0.046317	-0.000467	-3.597390
166.000000	-0.046447	-0.000469	-3.597390
167.000000	-0.046577	-0.000467	-3.597390
168.000000	-0.046707	-0.000468	-3.597390
169.000000	-0.046837	-0.000467	-3.597390
170.000000	-0.046966	-0.000467	-3.597390
171.000000	-0.047096	-0.000465	-3.597390
172.000000	-0.047225	-0.000466	-3.597390
173.000000	-0.047354	-0.000466	-3.597390
174.000000	-0.047484	-0.000466	-3.597390
175.000000	-0.047613	-0.000465	-3.597390
176.000000	-0.047743	-0.000466	-3.597390
177.000000	-0.047872	-0.000466	-3.597390
178.000000	-0.048001	-0.000466	-3.597390
179.000000	-0.048131	-0.000466	-3.597390
180.000000	-0.048260	-0.000466	-3.597390
181.000000	-0.048390	-0.000468	-3.597390
182.000000	-0.048520	-0.000469	-3.597390
183.000000	-0.048650	-0.000468	-3.597390
184.000000	-0.048780	-0.000467	-3.597390
185.000000	-0.048910	-0.000468	-3.597390
186.000000	-0.049040	-0.000467	-3.597390
187.000000	-0.049170	-0.000467	-3.597390
188.000000	-0.049299	-0.000466	-3.597390
189.000000	-0.049429	-0.000466	-3.597390
190.000000	-0.049558	-0.000465	-3.597390
191.000000	-0.049685	-0.000459	-3.597390
192.000000	-0.049813	-0.000459	-3.597390
193.000000	-0.049940	-0.000458	-3.597390
194.000000	-0.050063	-0.000446	-3.597390
195.000000	-0.050190	-0.000456	-3.597390
196.000000	-0.050318	-0.000461	-3.597390
197.000000	-0.050448	-0.000466	-3.597390
198.000000	-0.050577	-0.000466	-3.597390
199.000000	-0.050706	-0.000465	-3.597390
200.000000	-0.050833	-0.000455	-3.597390
201.000000	-0.050959	-0.000456	-3.597390
202.000000	-0.051087	-0.000458	-3.597390
203.000000	-0.051214	-0.000458	-3.597390
204.000000	-0.051342	-0.000460	-3.597390
205.000000	-0.051471	-0.000465	-3.597390
206.000000	-0.051601	-0.000468	-3.597390
207.000000	-0.051731	-0.000468	-3.597390
208.000000	-0.051861	-0.000469	-3.597390
209.000000	-0.051991	-0.000469	-3.597390
210.000000	-0.052121	-0.000467	-3.597390
211.000000	-0.052251	-0.000467	-3.597390
212.000000	-0.052381	-0.000467	-3.597390
213.000000	-0.052510	-0.000467	-3.597390
214.000000	-0.052640	-0.000465	-3.597390
215.000000	-0.052768	-0.000463	-3.597390
216.000000	-0.052897	-0.000464	-3.597390
217.000000	-0.053027	-0.000465	-3.597390
218.000000	-0.053156	-0.000467	-3.597390
219.000000	-0.053287	-0.000469	-3.597390
220.000000	-0.053417	-0.000469	-3.597390
221.000000	-0.053547	-0.000469	-3.597390
222.000000	-0.053678	-0.000470	-3.597390
223.000000	-0.053808	-0.000469	-3.597390
224.000000	-0.053938	-0.000469	-3.597390
225.000000	-0.054068	-0.000468	-3.597390
226.000000	-0.054197	-0.000464	-3.597390
227.000000	-0.054327	-0.000465	-3.597390
228.000000	-0.054457	-0.000470	-3.597390
229.000000	-0.054588	-0.000471	-3.597390
230.000000	-0.054719	-0.000471	-3.597390
231.000000	-0.054850	-0.000472	-3.597390
232.000000	-0.054981	-0.000472	-3.597390
233.000000	-0.055112	-0.000472	-3.597390
234.000000	-0.055244	-0.000473	-3.597390
235.000000	-0.055375	-0.000472	-3.597390
236.000000	-0.055506	-0.000473	-3.597390
237.000000	-0.055638	-0.000474	-3.597390
238.000000	-0.055769	-0.000475	-3.597390
239.000000	-0.055901	-0.000474	-3.597390
240.000000	-0.056033	-0.000475	-3.597390
241.000000	-0.056165	-0.000475	-3.597390
242.000000	-0.056297	-0.000475	-3.597390
243.000000	-0.056429	-0.000476	-3.597390
244.000000	-0.056561	-0.000476	-3.597390
245.000000	-0.056694	-0.000476	-3.597390
246.000000	-0.056826	-0.000477	-3.597390
247.000000	-0.056958	-0.000475	-3.597390
248.000000	-0.057091	-0.000477	-3.597390
249.000000	-0.057223	-0.000478	-3.597390
250.000000	-0.057356	-0.000477	-3.597390
251.000000	-0.057488	-0.000475	-3.597390
252.000000	-0.057619	-0.000474	-3.597390
253.000000	-0.057751	-0.000474	-3.597390
254.000000	-0.057883	-0.000475	-3.597390
255.000000	-0.058015	-0.000475	-3.597390
256.000000	-0.058147	-0.000475	-3.597390
257.000000	-0.058278	-0.000474	-3.597390
258.000000	-0.058410	-0.000474	-3.597390
259.000000	-0.058542	-0.000475	-3.597390
260.000000	-0.058674	-0.000476	-3.597390
261.000000	-0.058807	-0.000477	-3.597390
262.000000	-0.058939	-0.000477	-3.597390
263.000000	-0.059072	-0.000478	-3.597390
264.000000	-0.059205	-0.000479	-3.597390
265.000000	-0.059338	-0.000480	-3.597390
266.000000	-0.059471	-0.000480	-3.597390
267.000000	-0.059605	-0.000480	-3.597390
268.000000	-0.059738	-0.000479	-3.597390
269.000000	-0.059871	-0.000479	-3.597390
270.000000	-0.060004	-0.000479	-3.597390
271.000000	-0.060137	-0.000479	-3.597390
272.000000	-0.060270	-0.000480	-3.597390
273.000000	-0.060403	-0.000479	-3.597390
274.000000	-0.060537	-0.000479	-3.597390
275.000000	-0.060670	-0.000479	-3.597390
276.000000	-0.060803	-0.000479	-3.597390
277.000000	-0.060936	-0.000479	-3.597390
278.000000	-0.061069	-0.000479	-3.597390
279.000000	-0.061202	-0.000479	-3.597390
280.000000	-0.061336	-0.000482	-3.597390
281.000000	-0.061480	-0.000520	-3.597390
282.000000	-0.061612	-0.000472	-3.597390
283.000000	-0.061742	-0.000471	-3.597390
284.000000	-0.061873	-0.000471	-3.597390
285.000000	-0.062004	-0.000470	-3.597390
286.000000	-0.062135	-0.000470	-3.597390
287.000000	-0.062265	-0.000471	-3.597390
288.000000	-0.062396	-0.000471	-3.597390
289.000000	-0.062527	-0.000471	-3.597390
290.000000	-0.062657	-0.000470	-3.597390
291.000000	-0.062788	-0.000471	-3.597390
292.000000	-0.062919	-0.000471	-3.597390
293.000000	-0.063050	-0.000471	-3.597390
294.000000	-0.063180	-0.000471	-3.597390
295.000000	-0.063311	-0.000472	-3.597390
296.000000	-0.063442	-0.000472	-3.597390
297.000000	-0.063573	-0.000471	-3.597390
298.000000	-0.063704	-0.000471	-3.597390
299.000000	-0.063835	-0.000471	-3.597390
300.000000	-0.063966	-0.000471	-3.597390
301.000000	-0.064096	-0.000471	-3.597390
302.000000	-0.064227	-0.000471	-3.597390
303.000000	-0.064358	-0.000471	-3.597390
304.000000	-0.064489	-0.000471	-3.597390
305.000000	-0.064620	-0.000471	-3.597390
306.000000	-0.064751	-0.000471	-3.597390
307.000000	-0.064881	-0.000471	-3.597390
308.000000	-0.065012	-0.000471	-3.597390
309.000000	-0.065143	-0.000471	-3.597390
310.000000	-0.065274	-0.000471	-3.597390
311.000000	-0.065404	-0.000471	-3.597390
312.000000	-0.065535	-0.000471	-3.597390
313.000000	-0.065666	-0.000471	-3.597390
314.000000	-0.065797	-0.000471	-3.597390
315.000000	-0.065928	-0.000471	-3.597390
316.000000	-0.066059	-0.000472	-3.597390
317.000000	-0.066190	-0.000472	-3.597390
318.000000	-0.066321	-0.000472	-3.597390
319.000000	-0.066452	-0.000471	-3.597390
320.000000	-0.066583	-0.000472	-3.597390
321.000000	-0.066714	-0.000471	-3.597390
322.000000	-0.066845	-0.000471	-3.597390
323.000000	-0.066976	-0.000472	-3.597390
324.000000	-0.067107	-0.000472	-3.597390
325.000000	-0.067238	-0.000471	-3.597390
326.000000	-0.067369	-0.000471	-3.597390
327.000000	-0.067500	-0.000471	-3.597390
328.000000	-0.067631	-0.000471	-3.597390
329.000000	-0.067761	-0.000471	-3.597390
330.000000	-0.067892	-0.000471	-3.597390
331.000000	-0.068023	-0.000470	-3.597390
332.000000	-0.068153	-0.000470	-3.597390
333.000000	-0.068284	-0.000470	-3.597390
334.000000	-0.068415	-0.000471	-3.597390
335.000000	-0.068545	-0.000470	-3.597390
336.000000	-0.068675	-0.000469	-3.597390
337.000000	-0.068805	-0.000468	-3.597390
338.000000	-0.068935	-0.000468	-3.597390
339.000000	-0.069066	-0.000468	-3.597390
340.000000	-0.069196	-0.000468	-3.597390
341.000000	-0.069326	-0.000468	-3.597390
342.000000	-0.069456	-0.000469	-3.597390
343.000000	-0.069586	-0.000468	-3.597390
344.000000	-0.069716	-0.000467	-3.597390
345.000000	-0.069845	-0.000467	-3.597390
346.000000	-0.069975	-0.000468	-3.597390
347.000000	-0.070105	-0.000468	-3.597390
348.000000	-0.070235	-0.000468	-3.597390
349.000000	-0.070365	-0.000469	-3.597390
350.000000	-0.070496	-0.000469	-3.597390
351.000000	-0.070626	-0.000469	-3.597390
352.000000	-0.070756	-0.000469	-3.597390
353.000000	-0.070887	-0.000470	-3.597390
354.000000	-0.071017	-0.000468	-3.597390
355.000000	-0.071147	-0.000469	-3.597390
356.000000	-0.071277	-0.000469	-3.597390
357.000000	-0.071408	-0.000469	-3.597390
358.000000	-0.071538	-0.000469	-3.597390
359.000000	-0.071669	-0.000470	-3.597390
360.000000	-0.071799	-0.000469	-3.597390
361.000000	-0.071930	-0.000471	-3.597390
362.000000	-0.072061	-0.000471	-3.597390
363.000000	-0.072191	-0.000470	-3.597390
364.000000	-0.072322	-0.000469	-3.597390
365.000000	-0.072452	-0.000469	-3.597390
366.000000	-0.072583	-0.000470	-3.597390
367.000000	-0.072713	-0.000471	-3.597390
368.000000	-0.072844	-0.000471	-3.597390
369.000000	-0.072975	-0.000471	-3.597390
370.000000	-0.073106	-0.000471	-3.597390
371.000000	-0.073236	-0.000471	-3.597390
372.000000	-0.073367	-0.000470	-3.597390
373.000000	-0.073497	-0.000469	-3.597390
374.000000	-0.073628	-0.000470	-3.597390
375.000000	-0.073758	-0.000469	-3.597390
376.000000	-0.073890	-0.000473	-3.597390
377.000000	-0.074021	-0.000472	-3.597390
378.000000	-0.074152	-0.000472	-3.597390
379.000000	-0.074283	-0.000472	-3.597390
380.000000	-0.074414	-0.000473	-3.597390
381.000000	-0.074546	-0.000474	-3.597390
382.000000	-0.074678	-0.000475	-3.597390
383.000000	-0.074810	-0.000476	-3.597390
384.000000	-0.074943	-0.000476	-3.597390
385.000000	-0.075075	-0.000476	-3.597390
386.000000	-0.075207	-0.000476	-3.597390
387.000000	-0.075339	-0.000475	-3.597390
388.000000	-0.075471	-0.000473	-3.597390
389.000000	-0.075602	-0.000474	-3.597390
390.000000	-0.075736	-0.000480	-3.597390
391.000000	-0.075869	-0.000481	-3.597390
392.000000	-0.076018	-0.000537	-3.597390
393.000000	-0.076192	-0.000626	-3.597390
394.000000	-0.076369	-0.000635	-3.597390
395.000000	-0.076546	-0.000639	-3.597390
396.000000	-0.076726	-0.000646	-3.597390
397.000000	-0.076905	-0.000646	-3.597390
398.000000	-0.077085	-0.000649	-3.597390
399.000000	-0.077267	-0.000653	-3.597390
400.000000	-0.077448	-0.000652	-3.597390
401.000000	-0.077630	-0.000655	-3.597390
402.000000	-0.077812	-0.000655	-3.597390
403.000000	-0.077996	-0.000664	-3.597390
404.000000	-0.078180	-0.000661	-3.597390
405.000000	-0.078365	-0.000665	-3.597390
406.000000	-0.078549	-0.000663	-3.597390
407.000000	-0.078738	-0.000679	-3.597390
408.000000	-0.078928	-0.000687	-3.597390
409.000000	-0.079119	-0.000687	-3.597390
410.000000	-0.079309	-0.000684	-3.597390
411.000000	-0.079498	-0.000679	-3.597390
412.000000	-0.079687	-0.000679	-3.597390
413.000000	-0.079876	-0.000681	-3.597390
414.000000	-0.080069	-0.000695	-3.597390
415.000000	-0.080262	-0.000694	-3.597390
416.000000	-0.080451	-0.000681	-3.597390
417.000000	-0.080641	-0.000686	-3.597390
418.000000	-0.080834	-0.000692	-3.597390
419.000000	-0.081025	-0.000689	-3.597390
420.000000	-0.081224	-0.000717	-3.597390
421.000000	-0.081425	-0.000722	-3.597390
422.000000	-0.081626	-0.000723	-3.597390
423.000000	-0.081827	-0.000723	-3.597390
424.000000	-0.082028	-0.000726	-3.597390
425.000000	-0.082232	-0.000735	-3.597390
426.000000	-0.082436	-0.000734	-3.597390
427.000000	-0.082639	-0.000730	-3.597390
428.000000	-0.082842	-0.000731	-3.597390
429.000000	-0.083048	-0.000740	-3.597390
430.000000	-0.083254	-0.000742	-3.597390
431.000000	-0.083462	-0.000747	-3.597390
432.000000	-0.083670	-0.000749	-3.597390
433.000000	-0.083879	-0.000752	-3.597390
434.000000	-0.084088	-0.000754	-3.597390
435.000000	-0.084298	-0.000756	-3.597390
436.000000	-0.084508	-0.000758	-3.597390
437.000000	-0.084720	-0.000760	-3.597390
438.000000	-0.084932	-0.000764	-3.597390
439.000000	-0.085144	-0.000766	-3.597390
440.000000	-0.085357	-0.000767	-3.597390
441.000000	-0.085571	-0.000769	-3.597390
442.000000	-0.085785	-0.000771	-3.597390
443.000000	-0.085999	-0.000770	-3.597390
444.000000	-0.086215	-0.000777	-3.597390
445.000000	-0.086431	-0.000778	-3.597390
446.000000	-0.086648	-0.000780	-3.597390
447.000000	-0.086872	-0.000806	-3.597390
448.000000	-0.087097	-0.000812	-3.597390
449.000000	-0.087324	-0.000817	-3.597390
450.000000	-0.087553	-0.000822	-3.597390
451.000000	-0.087782	-0.000825	-3.597390
452.000000	-0.088010	-0.000824	-3.597390
453.000000	-0.088236	-0.000812	-3.597390
454.000000	-0.088463	-0.000817	-3.597390
455.000000	-0.088695	-0.000836	-3.597390
456.000000	-0.088928	-0.000837	-3.597390
457.000000	-0.089160	-0.000838	-3.597390
458.000000	-0.089394	-0.000841	-3.597390
459.000000	-0.089628	-0.000841	-3.597390
460.000000	-0.089862	-0.000842	-3.597390
461.000000	-0.090096	-0.000843	-3.597390
462.000000	-0.090330	-0.000845	-3.597390
463.000000	-0.090564	-0.000840	-3.597390
464.000000	-0.090802	-0.000858	-3.597390
465.000000	-0.091040	-0.000857	-3.597390
466.000000	-0.091279	-0.000859	-3.597390
467.000000	-0.091518	-0.000861	-3.597390
468.000000	-0.091757	-0.000862	-3.597390
469.000000	-0.091998	-0.000867	-3.597390
470.000000	-0.092241	-0.000873	-3.597390
471.000000	-0.092484	-0.000875	-3.597390
472.000000	-0.092728	-0.000878	-3.597390
473.000000	-0.092972	-0.000880	-3.597390
474.000000	-0.093217	-0.000880	-3.597390
475.000000	-0.093461	-0.000882	-3.597390
476.000000	-0.093707	-0.000884	-3.597390
477.000000	-0.093953	-0.000886	-3.597390
478.000000	-0.094200	-0.000887	-3.597390
479.000000	-0.094446	-0.000887	-3.597390
480.000000	-0.094693	-0.000888	-3.597390
481.000000	-0.094940	-0.000889	-3.597390
482.000000	-0.095187	-0.000889	-3.597390
483.000000	-0.095434	-0.000891	-3.597390
484.000000	-0.095678	-0.000876	-3.597390
485.000000	-0.095916	-0.000857	-3.597390
486.000000	-0.096176	-0.000936	-3.597390
487.000000	-0.096442	-0.000960	-3.597390
488.000000	-0.096712	-0.000970	-3.597390
489.000000	-0.096984	-0.000978	-3.597390
490.000000	-0.097259	-0.000990	-3.597390
491.000000	-0.097536	-0.000997	-3.597390
492.000000	-0.097814	-0.001002	-3.597390
493.000000	-0.098094	-0.001007	-3.597390
494.000000	-0.098374	-0.001011	-3.597390
495.000000	-0.098656	-0.001013	-3.597390
496.000000	-0.098938	-0.001016	-3.597390
497.000000	-0.099221	-0.001019	-3.597390
498.000000	-0.099505	-0.001021	-3.597390
499.000000	-0.099789	-0.001023	-3.597390
500.000000	-0.100073	-0.001024	-3.597390
501.000000	-0.100359	-0.001027	-3.597390
502.000000	-0.100644	-0.001029	-3.597390
503.000000	-0.100931	-0.001031	-3.597390
504.000000	-0.101218	-0.001034	-3.597390
505.000000	-0.101506	-0.001038	-3.597390
506.000000	-0.101797	-0.001046	-3.597390
507.000000	-0.102088	-0.001048	-3.597390
508.000000	-0.102380	-0.001051	-3.597390
509.000000	-0.102672	-0.001052	-3.597390
510.000000	-0.102964	-0.001053	-3.597390
511.000000	-0.103257	-0.001053	-3.597390
512.000000	-0.103550	-0.001056	-3.597390
513.000000	-0.103845	-0.001061	-3.597390
514.000000	-0.104141	-0.001065	-3.597390
515.000000	-0.104437	-0.001067	-3.597390
516.000000	-0.104735	-0.001071	-3.597390
517.000000	-0.105033	-0.001075	-3.597390
518.000000	-0.105333	-0.001078	-3.597390
519.000000	-0.105633	-0.001080	-3.597390
520.000000	-0.105933	-0.001082	-3.597390
521.000000	-0.106234	-0.001084	-3.597390
522.000000	-0.106536	-0.001085	-3.597390
523.000000	-0.106838	-0.001089	-3.597390
524.000000	-0.107141	-0.001090	-3.597390
525.000000	-0.107445	-0.001093	-3.597390
526.000000	-0.107749	-0.001095	-3.597390
527.000000	-0.108053	-0.001096	-3.597390
528.000000	-0.108358	-0.001098	-3.597390
529.000000	-0.108663	-0.001098	-3.597390
530.000000	-0.108969	-0.001101	-3.597390
531.000000	-0.109276	-0.001105	-3.597390
532.000000	-0.109583	-0.001106	-3.597390
533.000000	-0.109891	-0.001107	-3.597390
534.000000	-0.110199	-0.001110	-3.597390
535.000000	-0.110509	-0.001115	-3.597390
536.000000	-0.110818	-0.001115	-3.597390
537.000000	-0.111127	-0.001111	-3.597390
538.000000	-0.111438	-0.001120	-3.597390
539.000000	-0.111749	-0.001120	-3.597390
540.000000	-0.112058	-0.001111	-3.597390
541.000000	-0.112373	-0.001134	-3.597390
542.000000	-0.112689	-0.001138	-3.597390
543.000000	-0.113005	-0.001139	-3.597390
544.000000	-0.113323	-0.001142	-3.597390
545.000000	-0.113641	-0.001144	-3.597390
546.000000	-0.113959	-0.001148	-3.597390
547.000000	-0.114279	-0.001151	-3.597390
548.000000	-0.114600	-0.001155	-3.597390
549.000000	-0.114921	-0.001157	-3.597390
550.000000	-0.115243	-0.001158	-3.597390
551.000000	-0.115565	-0.001161	-3.597390
552.000000	-0.115889	-0.001164	-3.597390
553.000000	-0.116213	-0.001166	-3.597390
554.000000	-0.116537	-0.001169	-3.597390
555.000000	-0.116863	-0.001171	-3.597390
556.000000	-0.117189	-0.001173	-3.597390
557.000000	-0.117515	-0.001175	-3.597390
558.000000	-0.117841	-0.001175	-3.597390
559.000000	-0.118168	-0.001177	-3.597390
560.000000	-0.118496	-0.001179	-3.597390
561.000000	-0.118823	-0.001179	-3.597390
562.000000	-0.119152	-0.001183	-3.597390
563.000000	-0.119481	-0.001187	-3.597390
564.000000	-0.119812	-0.001189	-3.597390
565.000000	-0.120143	-0.001191	-3.597390
566.000000	-0.120474	-0.001193	-3.597390
567.000000	-0.120806	-0.001194	-3.597390
568.000000	-0.121138	-0.001196	-3.597390
569.000000	-0.121470	-0.001197	-3.597390
570.000000	-0.121803	-0.001197	-3.597390
571.000000	-0.122136	-0.001198	-3.597390
572.000000	-0.122468	-0.001198	-3.597390
573.000000	-0.122762	-0.001057	-3.597390
574.000000	-0.122908	-0.000524	-3.597390
575.000000	-0.123051	-0.000514	-3.597390
576.000000	-0.123192	-0.000508	-3.597390
577.000000	-0.123332	-0.000505	-3.597390
578.000000	-0.123472	-0.000506	-3.597390
579.000000	-0.123612	-0.000504	-3.597390
580.000000	-0.123752	-0.000501	-3.597390
581.000000	-0.123891	-0.000501	-3.597390
582.000000	-0.124030	-0.000500	-3.597390
583.000000	-0.124168	-0.000499	-3.597390
584.000000	-0.124307	-0.000499	-3.597390
585.000000	-0.124446	-0.000499	-3.597390
586.000000	-0.124584	-0.000498	-3.597390
587.000000	-0.124730	-0.000526	-3.597390
588.000000	-0.124869	-0.000498	-3.597390
589.000000	-0.125007	-0.000497	-3.597390
590.000000	-0.125145	-0.000498	-3.597390
591.000000	-0.125283	-0.000497	-3.597390
592.000000	-0.125427	-0.000518	-3.597390
593.000000	-0.125639	-0.000765	-3.597390
594.000000	-0.125856	-0.000778	-3.597390
595.000000	-0.126074	-0.000786	-3.597390
596.000000	-0.126293	-0.000791	-3.597390
597.000000	-0.126514	-0.000795	-3.597390
598.000000	-0.126735	-0.000795	-3.597390
599.000000	-0.126957	-0.000798	-3.597390
600.000000	-0.127179	-0.000801	-3.597390
601.000000	-0.127402	-0.000803	-3.597390
602.000000	-0.127627	-0.000810	-3.597390
603.000000	-0.127852	-0.000809	-3.597390
604.000000	-0.128078	-0.000812	-3.597390
605.000000	-0.128304	-0.000816	-3.597390
606.000000	-0.128531	-0.000817	-3.597390
607.000000	-0.128759	-0.000818	-3.597390
608.000000	-0.128986	-0.000820	-3.597390
609.000000	-0.129214	-0.000821	-3.597390
610.000000	-0.129443	-0.000823	-3.597390
611.000000	-0.129672	-0.000825	-3.597390
612.000000	-0.129901	-0.000825	-3.597390
613.000000	-0.130131	-0.000826	-3.597390
614.000000	-0.130360	-0.000826	-3.597390
615.000000	-0.130590	-0.000827	-3.597390
616.000000	-0.130821	-0.000831	-3.597390
617.000000	-0.131052	-0.000832	-3.597390
618.000000	-0.131283	-0.000833	-3.597390
619.000000	-0.131514	-0.000833	-3.597390
620.000000	-0.131746	-0.000833	-3.597390
621.000000	-0.131978	-0.000837	-3.597390
622.000000	-0.132211	-0.000838	-3.597390
623.000000	-0.132445	-0.000840	-3.597390
624.000000	-0.132678	-0.000840	-3.597390
625.000000	-0.132911	-0.000840	-3.597390
626.000000	-0.133144	-0.000838	-3.597390
627.000000	-0.133377	-0.000840	-3.597390
628.000000	-0.133611	-0.000841	-3.597390
629.000000	-0.133845	-0.000841	-3.597390
630.000000	-0.134078	-0.000841	-3.597390
631.000000	-0.134312	-0.000841	-3.597390
632.000000	-0.134546	-0.000843	-3.597390
633.000000	-0.134780	-0.000843	-3.597390
634.000000	-0.135015	-0.000843	-3.597390
635.000000	-0.135249	-0.000846	-3.597390
636.000000	-0.135484	-0.000845	-3.597390
637.000000	-0.135719	-0.000846	-3.597390
638.000000	-0.135954	-0.000846	-3.597390
639.000000	-0.136189	-0.000846	-3.597390
640.000000	-0.136425	-0.000847	-3.597390
641.000000	-0.136660	-0.000847	-3.597390
642.000000	-0.136895	-0.000848	-3.597390
643.000000	-0.137131	-0.000848	-3.597390
644.000000	-0.137367	-0.000848	-3.597390
645.000000	-0.137602	-0.000849	-3.597390
646.000000	-0.137838	-0.000849	-3.597390
647.000000	-0.138074	-0.000850	-3.597390
648.000000	-0.138310	-0.000850	-3.597390
649.000000	-0.138546	-0.000850	-3.597390
650.000000	-0.138783	-0.000850	-3.597390
651.000000	-0.139019	-0.000849	-3.597390
652.000000	-0.139255	-0.000853	-3.597390
653.000000	-0.139492	-0.000851	-3.597390
654.000000	-0.139728	-0.000851	-3.597390
655.000000	-0.139964	-0.000851	-3.597390
656.000000	-0.140201	-0.000852	-3.597390
657.000000	-0.140438	-0.000853	-3.597390
658.000000	-0.140675	-0.000853	-3.597390
659.000000	-0.140912	-0.000854	-3.597390
660.000000	-0.141149	-0.000854	-3.597390
661.000000	-0.141387	-0.000854	-3.597390
662.000000	-0.141624	-0.000853	-3.597390
663.000000	-0.141862	-0.000856	-3.597390
664.000000	-0.142099	-0.000856	-3.597390
665.000000	-0.142337	-0.000857	-3.597390
666.000000	-0.142575	-0.000857	-3.597390
667.000000	-0.142813	-0.000857	-3.597390
668.000000	-0.143052	-0.000859	-3.597390
669.000000	-0.143291	-0.000860	-3.597390
670.000000	-0.143530	-0.000860	-3.597390
671.000000	-0.143769	-0.000861	-3.597390
672.000000	-0.144008	-0.000862	-3.597390
673.000000	-0.144248	-0.000862	-3.597390
674.000000	-0.144487	-0.000862	-3.597390
675.000000	-0.144726	-0.000862	-3.597390
676.000000	-0.144966	-0.000862	-3.597390
677.000000	-0.145206	-0.000863	-3.597390
678.000000	-0.145445	-0.000863	-3.597390
679.000000	-0.145685	-0.000863	-3.597390
680.000000	-0.145925	-0.000863	-3.597390
681.000000	-0.146165	-0.000863	-3.597390
682.000000	-0.146405	-0.000864	-3.597390
683.000000	-0.146645	-0.000864	-3.597390
684.000000	-0.146885	-0.000865	-3.597390
685.000000	-0.147125	-0.000865	-3.597390
686.000000	-0.147365	-0.000865	-3.597390
687.000000	-0.147606	-0.000866	-3.597390
688.000000	-0.147847	-0.000866	-3.597390
689.000000	-0.148087	-0.000867	-3.597390
690.000000	-0.148328	-0.000867	-3.597390
691.000000	-0.148569	-0.000867	-3.597390
692.000000	-0.148810	-0.000868	-3.597390
693.000000	-0.149051	-0.000869	-3.597390
694.000000	-0.149293	-0.000870	-3.597390
695.000000	-0.149534	-0.000869	-3.597390
696.000000	-0.149776	-0.000869	-3.597390
697.000000	-0.150017	-0.000870	-3.597390
698.000000	-0.150259	-0.000871	-3.597390
699.000000	-0.150501	-0.000871	-3.597390
700.000000	-0.150743	-0.000872	-3.597390
701.000000	-0.150985	-0.000872	-3.597390
702.000000	-0.151228	-0.000872	-3.597390
703.000000	-0.151470	-0.000871	-3.597390
704.000000	-0.151712	-0.000871	-3.597390
705.000000	-0.151953	-0.000871	-3.597390
706.000000	-0.152195	-0.000871	-3.597390
707.000000	-0.152437	-0.000871	-3.597390
708.000000	-0.152680	-0.000872	-3.597390
709.000000	-0.152922	-0.000872	-3.597390
710.000000	-0.153164	-0.000872	-3.597390
711.000000	-0.153406	-0.000872	-3.597390
712.000000	-0.153649	-0.000872	-3.597390
713.000000	-0.153891	-0.000872	-3.597390
714.000000	-0.154133	-0.000872	-3.597390
715.000000	-0.154376	-0.000873	-3.597390
716.000000	-0.154618	-0.000874	-3.597390
717.000000	-0.154861	-0.000874	-3.597390
718.000000	-0.155104	-0.000874	-3.597390
719.000000	-0.155347	-0.000874	-3.597390
720.000000	-0.155590	-0.000874	-3.597390
721.000000	-0.155833	-0.000874	-3.597390
722.000000	-0.156076	-0.000874	-3.597390
723.000000	-0.156319	-0.000875	-3.597390
724.000000	-0.156561	-0.000874	-3.597390
725.000000	-0.156804	-0.000874	-3.597390
726.000000	-0.157047	-0.000874	-3.597390
727.000000	-0.157290	-0.000874	-3.597390
728.000000	-0.157533	-0.000874	-3.597390
729.000000	-0.157775	-0.000874	-3.597390
730.000000	-0.158018	-0.000875	-3.597390
731.000000	-0.158261	-0.000875	-3.597390
732.000000	-0.158504	-0.000874	-3.597390
733.000000	-0.158747	-0.000873	-3.597390
734.000000	-0.158990	-0.000874	-3.597390
735.000000	-0.159232	-0.000873	-3.597390
736.000000	-0.159475	-0.000873	-3.597390
737.000000	-0.159717	-0.000874	-3.597390
738.000000	-0.159960	-0.000874	-3.597390
739.000000	-0.160203	-0.000874	-3.597390
740.000000	-0.160446	-0.000875	-3.597390
741.000000	-0.160689	-0.000874	-3.597390
742.000000	-0.160932	-0.000875	-3.597390
743.000000	-0.161177	-0.000882	-3.597390
744.000000	-0.161422	-0.000883	-3.597390
745.000000	-0.161668	-0.000883	-3.597390
746.000000	-0.161913	-0.000884	-3.597390
747.000000	-0.162158	-0.000883	-3.597390
748.000000	-0.162404	-0.000886	-3.597390
749.000000	-0.162650	-0.000886	-3.597390
750.000000	-0.162897	-0.000886	-3.597390
751.000000	-0.163143	-0.000886	-3.597390
752.000000	-0.163388	-0.000883	-3.597390
753.000000	-0.163635	-0.000888	-3.597390
754.000000	-0.163882	-0.000892	-3.597390
755.000000	-0.164131	-0.000893	-3.597390
756.000000	-0.164379	-0.000894	-3.597390
757.000000	-0.164628	-0.000895	-3.597390
758.000000	-0.164877	-0.000896	-3.597390
759.000000	-0.165126	-0.000896	-3.597390
760.000000	-0.165375	-0.000897	-3.597390
761.000000	-0.165624	-0.000898	-3.597390
762.000000	-0.165874	-0.000899	-3.597390
763.000000	-0.166123	-0.000898	-3.597390
764.000000	-0.166373	-0.000899	-3.597390
765.000000	-0.166623	-0.000899	-3.597390
766.000000	-0.166873	-0.000899	-3.597390
767.000000	-0.167122	-0.000899	-3.597390
768.000000	-0.167372	-0.000899	-3.597390
769.000000	-0.167533	-0.000578	-3.597390
770.000000	-0.167672	-0.000500	-3.597390
771.000000	-0.167810	-0.000498	-3.597390
772.000000	-0.167948	-0.000497	-3.597390
773.000000	-0.168086	-0.000496	-3.597390
774.000000	-0.168223	-0.000495	-3.597390
775.000000	-0.168360	-0.000494	-3.597390
776.000000	-0.168497	-0.000494	-3.597390
777.000000	-0.168634	-0.000494	-3.597390
778.000000	-0.168772	-0.000494	-3.597390
779.000000	-0.168909	-0.000493	-3.597390
780.000000	-0.169046	-0.000493	-3.597390
781.000000	-0.169183	-0.000494	-3.597390
782.000000	-0.169320	-0.000494	-3.597390
783.000000	-0.169457	-0.000495	-3.597390
784.000000	-0.169595	-0.000495	-3.597390
785.000000	-0.169732	-0.000494	-3.597390
786.000000	-0.169869	-0.000494	-3.597390
787.000000	-0.170007	-0.000494	-3.597390
788.000000	-0.170144	-0.000495	-3.597390
789.000000	-0.170281	-0.000494	-3.597390
790.000000	-0.170419	-0.000494	-3.597390
791.000000	-0.170556	-0.000494	-3.597390
792.000000	-0.170693	-0.000494	-3.597390
793.000000	-0.170831	-0.000495	-3.597390
794.000000	-0.170968	-0.000494	-3.597390
795.000000	-0.171105	-0.000493	-3.597390
796.000000	-0.171242	-0.000493	-3.597390
797.000000	-0.171379	-0.000494	-3.597390
798.000000	-0.171515	-0.000491	-3.597390
799.000000	-0.171652	-0.000492	-3.597390
800.000000	-0.171789	-0.000492	-3.597390
801.000000	-0.171926	-0.000492	-3.597390
802.000000	-0.172062	-0.000492	-3.597390
803.000000	-0.172199	-0.000492	-3.597390
804.000000	-0.172336	-0.000492	-3.597390
805.000000	-0.172472	-0.000492	-3.597390
806.000000	-0.172609	-0.000493	-3.597390
807.000000	-0.172746	-0.000492	-3.597390
808.000000	-0.172883	-0.000492	-3.597390
809.000000	-0.173020	-0.000492	-3.597390
810.000000	-0.173156	-0.000492	-3.597390
811.000000	-0.173293	-0.000492	-3.597390
812.000000	-0.173430	-0.000492	-3.597390
813.000000	-0.173566	-0.000492	-3.597390
814.000000	-0.173703	-0.000492	-3.597390
815.000000	-0.173840	-0.000492	-3.597390
816.000000	-0.173976	-0.000492	-3.597390
817.000000	-0.174113	-0.000493	-3.597390
818.000000	-0.174250	-0.000492	-3.597390
819.000000	-0.174387	-0.000492	-3.597390
820.000000	-0.174523	-0.000492	-3.597390
821.000000	-0.174660	-0.000492	-3.597390
822.000000	-0.174797	-0.000492	-3.597390
823.000000	-0.174933	-0.000493	-3.597390
824.000000	-0.175070	-0.000493	-3.597390
825.000000	-0.175207	-0.000492	-3.597390
826.000000	-0.175344	-0.000492	-3.597390
827.000000	-0.175480	-0.000492	-3.597390
828.000000	-0.175617	-0.000490	-3.597390
829.000000	-0.175752	-0.000489	-3.597390
830.000000	-0.175888	-0.000488	-3.597390
831.000000	-0.176023	-0.000488	-3.597390
832.000000	-0.176159	-0.000490	-3.597390
833.000000	-0.176295	-0.000490	-3.597390
834.000000	-0.176432	-0.000490	-3.597390
835.000000	-0.176568	-0.000490	-3.597390
836.000000	-0.176704	-0.000490	-3.597390
837.000000	-0.176840	-0.000490	-3.597390
838.000000	-0.176976	-0.000491	-3.597390
839.000000	-0.177113	-0.000491	-3.597390
840.000000	-0.177249	-0.000492	-3.597390
841.000000	-0.177386	-0.000491	-3.597390
842.000000	-0.177522	-0.000491	-3.597390
843.000000	-0.177659	-0.000492	-3.597390
844.000000	-0.177796	-0.000492	-3.597390
845.000000	-0.177932	-0.000493	-3.597390
846.000000	-0.178069	-0.000493	-3.597390
847.000000	-0.178206	-0.000493	-3.597390
848.000000	-0.178343	-0.000493	-3.597390
849.000000	-0.178480	-0.000494	-3.597390
850.000000	-0.178617	-0.000493	-3.597390
851.000000	-0.178754	-0.000493	-3.597390
852.000000	-0.178891	-0.000493	-3.597390
853.000000	-0.179028	-0.000493	-3.597390
854.000000	-0.179165	-0.000493	-3.597390
855.000000	-0.179302	-0.000493	-3.597390
856.000000	-0.179439	-0.000494	-3.597390
857.000000	-0.179576	-0.000494	-3.597390
858.000000	-0.179713	-0.000494	-3.597390
859.000000	-0.179851	-0.000495	-3.597390
860.000000	-0.179988	-0.000494	-3.597390
861.000000	-0.180125	-0.000494	-3.597390
862.000000	-0.180263	-0.000494	-3.597390
863.000000	-0.180400	-0.000495	-3.597390
864.000000	-0.180537	-0.000494	-3.597390
865.000000	-0.180674	-0.000494	-3.597390
866.000000	-0.180812	-0.000494	-3.597390
867.000000	-0.180949	-0.000493	-3.597390
868.000000	-0.181086	-0.000493	-3.597390
869.000000	-0.181223	-0.000493	-3.597390
870.000000	-0.181360	-0.000495	-3.597390
871.000000	-0.181498	-0.000495	-3.597390
872.000000	-0.181635	-0.000496	-3.597390
873.000000	-0.181773	-0.000495	-3.597390
874.000000	-0.181911	-0.000496	-3.597390
875.000000	-0.182048	-0.000496	-3.597390
876.000000	-0.182185	-0.000494	-3.597390
877.000000	-0.182322	-0.000492	-3.597390
878.000000	-0.182459	-0.000492	-3.597390
879.000000	-0.182595	-0.000492	-3.597390
880.000000	-0.182732	-0.000492	-3.597390
881.000000	-0.182869	-0.000492	-3.597390
882.000000	-0.183006	-0.000494	-3.597390
883.000000	-0.183144	-0.000498	-3.597390
884.000000	-0.183282	-0.000498	-3.597390
885.000000	-0.183421	-0.000499	-3.597390
886.000000	-0.183560	-0.000500	-3.597390
887.000000	-0.183699	-0.000501	-3.597390
888.000000	-0.183839	-0.000503	-3.597390
889.000000	-0.183979	-0.000505	-3.597390
890.000000	-0.184119	-0.000503	-3.597390
891.000000	-0.184258	-0.000502	-3.597390
892.000000	-0.184397	-0.000501	-3.597390
893.000000	-0.184536	-0.000499	-3.597390
894.000000	-0.184674	-0.000498	-3.597390
895.000000	-0.184812	-0.000495	-3.597390
896.000000	-0.184950	-0.000496	-3.597390
897.000000	-0.185088	-0.000498	-3.597390
898.000000	-0.185226	-0.000497	-3.597390
899.000000	-0.185364	-0.000496	-3.597390
900.000000	-0.185502	-0.000496	-3.597390
901.000000	-0.185639	-0.000496	-3.597390
902.000000	-0.185777	-0.000495	-3.597390
903.000000	-0.185914	-0.000495	-3.597390
904.000000	-0.186052	-0.000494	-3.597390
905.000000	-0.186189	-0.000495	-3.597390
906.000000	-0.186327	-0.000497	-3.597390
907.000000	-0.186465	-0.000496	-3.597390
908.000000	-0.186603	-0.000496	-3.597390
909.000000	-0.186741	-0.000497	-3.597390
910.000000	-0.186879	-0.000497	-3.597390
911.000000	-0.187018	-0.000499	-3.597390
912.000000	-0.187156	-0.000499	-3.597390
913.000000	-0.187295	-0.000498	-3.597390
914.000000	-0.187433	-0.000499	-3.597390
915.000000	-0.187567	-0.000480	-3.597390
916.000000	-0.187704	-0.000495	-3.597390
917.000000	-0.187841	-0.000494	-3.597390
918.000000	-0.187979	-0.000495	-3.597390
919.000000	-0.188117	-0.000498	-3.597390
920.000000	-0.188256	-0.000498	-3.597390
921.000000	-0.188394	-0.000499	-3.597390
922.000000	-0.188533	-0.000500	-3.597390
923.000000	-0.188672	-0.000500	-3.597390
924.000000	-0.188811	-0.000501	-3.597390
925.000000	-0.188951	-0.000502	-3.597390
926.000000	-0.189090	-0.000502	-3.597390
927.000000	-0.189229	-0.000501	-3.597390
928.000000	-0.189369	-0.000503	-3.597390
929.000000	-0.189509	-0.000504	-3.597390
930.000000	-0.189649	-0.000506	-3.597390
931.000000	-0.189790	-0.000506	-3.597390
932.000000	-0.189930	-0.000506	-3.597390
933.000000	-0.190071	-0.000507	-3.597390
934.000000	-0.190212	-0.000507	-3.597390
935.000000	-0.190353	-0.000507	-3.597390
936.000000	-0.190494	-0.000508	-3.597390
937.000000	-0.190635	-0.000508	-3.597390
938.000000	-0.190776	-0.000508	-3.597390
939.000000	-0.190918	-0.000509	-3.597390
940.000000	-0.191059	-0.000509	-3.597390
941.000000	-0.191200	-0.000509	-3.597390
942.000000	-0.191342	-0.000510	-3.597390
943.000000	-0.191484	-0.000511	-3.597390
944.000000	-0.191626	-0.000511	-3.597390
945.000000	-0.191768	-0.000512	-3.597390
946.000000	-0.191911	-0.000515	-3.597390
947.000000	-0.192053	-0.000512	-3.597390
948.000000	-0.192195	-0.000511	-3.597390
949.000000	-0.192337	-0.000511	-3.597390
950.000000	-0.192479	-0.000512	-3.597390
951.000000	-0.192622	-0.000513	-3.597390
952.000000	-0.192764	-0.000512	-3.597390
953.000000	-0.192906	-0.000511	-3.597390
954.000000	-0.193049	-0.000512	-3.597390
955.000000	-0.193191	-0.000513	-3.597390
956.000000	-0.193334	-0.000514	-3.597390
957.000000	-0.193476	-0.000514	-3.597390
958.000000	-0.193619	-0.000514	-3.597390
959.000000	-0.193762	-0.000515	-3.597390
960.000000	-0.193905	-0.000514	-3.597390
961.000000	-0.194048	-0.000516	-3.597390
962.000000	-0.194191	-0.000516	-3.597390
963.000000	-0.194335	-0.000516	-3.597390
964.000000	-0.194479	-0.000520	-3.597390
965.000000	-0.194624	-0.000522	-3.597390
966.000000	-0.194770	-0.000525	-3.597390
967.000000	-0.194916	-0.000525	-3.597390
968.000000	-0.195062	-0.000526	-3.597390
969.000000	-0.195208	-0.000525	-3.597390
970.000000	-0.195354	-0.000524	-3.597390
971.000000	-0.195499	-0.000524	-3.597390
972.000000	-0.195645	-0.000524	-3.597390
973.000000	-0.195788	-0.000517	-3.597390
974.000000	-0.195932	-0.000516	-3.597390
975.000000	-0.196075	-0.000515	-3.597390
976.000000	-0.196218	-0.000517	-3.597390
977.000000	-0.196362	-0.000518	-3.597390
978.000000	-0.196506	-0.000517	-3.597390
979.000000	-0.196650	-0.000519	-3.597390
980.000000	-0.196794	-0.000519	-3.597390
981.000000	-0.196939	-0.000521	-3.597390
982.000000	-0.197082	-0.000516	-3.597390
983.000000	-0.197226	-0.000517	-3.597390
984.000000	-0.197369	-0.000517	-3.597390
985.000000	-0.197514	-0.000521	-3.597390
986.000000	-0.197658	-0.000519	-3.597390
987.000000	-0.197802	-0.000518	-3.597390
988.000000	-0.197946	-0.000518	-3.597390
989.000000	-0.198091	-0.000522	-3.597390
990.000000	-0.198235	-0.000518	-3.597390
991.000000	-0.198379	-0.000520	-3.597390
992.000000	-0.198525	-0.000527	-3.597390
993.000000	-0.198673	-0.000532	-3.597390
994.000000	-0.198820	-0.000527	-3.597390
995.000000	-0.198965	-0.000525	-3.597390
996.000000	-0.199111	-0.000523	-3.597390
997.000000	-0.199256	-0.000524	-3.597390
998.000000	-0.199403	-0.000527	-3.597390
999.000000	-0.199549	-0.000528	-3.597390
1000.000000	-0.199694	-0.000523	-3.597390
1001.000000	-0.199838	-0.000518	-3.597390
1002.000000	-0.199982	-0.000519	-3.597390
1003.000000	-0.200127	-0.000520	-3.597390
1004.000000	-0.200271	-0.000520	-3.597390
1005.000000	-0.200416	-0.000520	-3.597390
1006.000000	-0.200561	-0.000523	-3.597390
1007.000000	-0.200706	-0.000522	-3.597390
1008.000000	-0.200852	-0.000524	-3.597390
1009.000000	-0.200999	-0.000531	-3.597390
1010.000000	-0.201145	-0.000525	-3.597390
1011.000000	-0.201290	-0.000522	-3.597390
1012.000000	-0.201435	-0.000522	-3.597390
1013.000000	-0.201580	-0.000522	-3.597390
1014.000000	-0.201725	-0.000522	-3.597390
1015.000000	-0.201870	-0.000521	-3.597390
1016.000000	-0.202014	-0.000521	-3.597390
1017.000000	-0.202159	-0.000522	-3.597390
1018.000000	-0.202304	-0.000522	-3.597390
1019.000000	-0.202450	-0.000523	-3.597390
1020.000000	-0.202595	-0.000524	-3.597390
1021.000000	-0.202741	-0.000524	-3.597390
1022.000000	-0.202886	-0.000524	-3.597390
1023.000000	-0.203032	-0.000525	-3.597390
1024.000000	-0.203178	-0.000526	-3.597390
1025.000000	-0.203325	-0.000527	-3.597390
1026.000000	-0.203471	-0.000527	-3.597390
1027.000000	-0.203618	-0.000527	-3.597390
1028.000000	-0.203764	-0.000527	-3.597390
1029.000000	-0.203910	-0.000527	-3.597390
1030.000000	-0.204057	-0.000528	-3.597390
1031.000000	-0.204204	-0.000527	-3.597390
1032.000000	-0.204350	-0.000528	-3.597390
1033.000000	-0.204497	-0.000528	-3.597390
1034.000000	-0.204643	-0.000527	-3.597390
1035.000000	-0.204789	-0.000526	-3.597390
1036.000000	-0.204935	-0.000526	-3.597390
1037.000000	-0.205081	-0.000525	-3.597390
1038.000000	-0.205227	-0.000525	-3.597390
1039.000000	-0.205372	-0.000523	-3.597390
1040.000000	-0.205518	-0.000523	-3.597390
1041.000000	-0.205663	-0.000523	-3.597390
1042.000000	-0.205809	-0.000524	-3.597390
1043.000000	-0.205954	-0.000524	-3.597390
1044.000000	-0.206101	-0.000527	-3.597390
1045.000000	-0.206247	-0.000526	-3.597390
1046.000000	-0.206393	-0.000526	-3.597390
1047.000000	-0.206539	-0.000525	-3.597390
1048.000000	-0.206684	-0.000523	-3.597390
1049.000000	-0.206830	-0.000524	-3.597390
1050.000000	-0.206975	-0.000524	-3.597390
1051.000000	-0.207121	-0.000525	-3.597390
1052.000000	-0.207267	-0.000526	-3.597390
1053.000000	-0.207413	-0.000526	-3.597390
1054.000000	-0.207560	-0.000526	-3.597390
1055.000000	-0.207705	-0.000525	-3.597390
1056.000000	-0.207855	-0.000539	-3.597390
1057.000000	-0.208006	-0.000542	-3.597390
1058.000000	-0.208156	-0.000541	-3.597390
1059.000000	-0.208306	-0.000541	-3.597390
1060.000000	-0.208457	-0.000542	-3.597390
1061.000000	-0.208607	-0.000542	-3.597390
1062.000000	-0.208758	-0.000542	-3.597390
1063.000000	-0.208909	-0.000543	-3.597390
1064.000000	-0.209055	-0.000525	-3.597390
1065.000000	-0.209199	-0.000521	-3.597390
1066.000000	-0.209346	-0.000527	-3.597390
1067.000000	-0.209492	-0.000528	-3.597390
1068.000000	-0.209639	-0.000528	-3.597390
1069.000000	-0.209786	-0.000528	-3.597390
1070.000000	-0.209934	-0.000534	-3.597390
1071.000000	-0.210083	-0.000537	-3.597390
1072.000000	-0.210233	-0.000538	-3.597390
1073.000000	-0.210382	-0.000538	-3.597390
1074.000000	-0.210532	-0.000538	-3.597390
1075.000000	-0.210681	-0.000538	-3.597390
1076.000000	-0.210830	-0.000536	-3.597390
1077.000000	-0.210979	-0.000536	-3.597390
1078.000000	-0.211127	-0.000535	-3.597390
1079.000000	-0.211276	-0.000535	-3.597390
1080.000000	-0.211424	-0.000533	-3.597390
1081.000000	-0.211572	-0.000533	-3.597390
1082.000000	-0.211720	-0.000532	-3.597390
1083.000000	-0.211868	-0.000532	-3.597390
1084.000000	-0.212016	-0.000534	-3.597390
1085.000000	-0.212165	-0.000534	-3.597390
1086.000000	-0.212313	-0.000535	-3.597390
1087.000000	-0.212462	-0.000537	-3.597390
1088.000000	-0.212611	-0.000537	-3.597390
1089.000000	-0.212761	-0.000538	-3.597390
1090.000000	-0.212910	-0.000539	-3.597390
1091.000000	-0.213060	-0.000540	-3.597390
1092.000000	-0.213210	-0.000540	-3.597390
1093.000000	-0.213360	-0.000539	-3.597390
1094.000000	-0.213510	-0.000538	-3.597390
1095.000000	-0.213659	-0.000537	-3.597390
1096.000000	-0.213807	-0.000534	-3.597390
1097.000000	-0.213953	-0.000523	-3.597390
1098.000000	-0.214100	-0.000531	-3.597390
1099.000000	-0.214248	-0.000532	-3.597390
1100.000000	-0.214396	-0.000532	-3.597390
1101.000000	-0.214544	-0.000532	-3.597390
1102.000000	-0.214692	-0.000532	-3.597390
1103.000000	-0.214839	-0.000532	-3.597390
1104.000000	-0.214987	-0.000532	-3.597390
1105.000000	-0.215134	-0.000529	-3.597390
1106.000000	-0.215282	-0.000530	-3.597390
1107.000000	-0.215428	-0.000529	-3.597390
1108.000000	-0.215575	-0.000527	-3.597390
1109.000000	-0.215719	-0.000520	-3.597390
1110.000000	-0.215866	-0.000527	-3.597390
1111.000000	-0.216013	-0.000528	-3.597390
1112.000000	-0.216160	-0.000531	-3.597390
1113.000000	-0.216307	-0.000530	-3.597390
1114.000000	-0.216454	-0.000530	-3.597390
1115.000000	-0.216602	-0.000529	-3.597390
1116.000000	-0.216749	-0.000531	-3.597390
1117.000000	-0.216896	-0.000531	-3.597390
1118.000000	-0.217044	-0.000531	-3.597390
1119.000000	-0.217192	-0.000531	-3.597390
1120.000000	-0.217339	-0.000533	-3.597390
1121.000000	-0.217487	-0.000532	-3.597390
1122.000000	-0.217635	-0.000531	-3.597390
1123.000000	-0.217783	-0.000531	-3.597390
1124.000000	-0.217930	-0.000532	-3.597390
1125.000000	-0.218078	-0.000532	-3.597390
1126.000000	-0.218226	-0.000532	-3.597390
1127.000000	-0.218373	-0.000531	-3.597390
1128.000000	-0.218521	-0.000532	-3.597390
1129.000000	-0.218669	-0.000533	-3.597390
1130.000000	-0.218817	-0.000534	-3.597390
1131.000000	-0.218966	-0.000535	-3.597390
1132.000000	-0.219114	-0.000534	-3.597390
1133.000000	-0.219263	-0.000534	-3.597390
1134.000000	-0.219411	-0.000535	-3.597390
1135.000000	-0.219560	-0.000535	-3.597390
1136.000000	-0.219708	-0.000535	-3.597390
1137.000000	-0.219857	-0.000535	-3.597390
1138.000000	-0.220005	-0.000535	-3.597390
1139.000000	-0.220154	-0.000535	-3.597390
1140.000000	-0.220302	-0.000534	-3.597390
1141.000000	-0.220451	-0.000534	-3.597390
1142.000000	-0.220599	-0.000533	-3.597390
1143.000000	-0.220747	-0.000534	-3.597390
1144.000000	-0.220893	-0.000526	-3.597390
1145.000000	-0.221041	-0.000533	-3.597390
1146.000000	-0.221189	-0.000533	-3.597390
1147.000000	-0.221337	-0.000533	-3.597390
1148.000000	-0.221485	-0.000532	-3.597390
1149.000000	-0.221633	-0.000531	-3.597390
1150.000000	-0.221781	-0.000532	-3.597390
1151.000000	-0.221929	-0.000532	-3.597390
1152.000000	-0.222077	-0.000533	-3.597390
1153.000000	-0.222225	-0.000535	-3.597390
1154.000000	-0.222374	-0.000535	-3.597390
1155.000000	-0.222522	-0.000535	-3.597390
1156.000000	-0.222671	-0.000535	-3.597390
1157.000000	-0.222809	-0.000497	-3.597390
1158.000000	-0.222953	-0.000518	-3.597390
1159.000000	-0.223099	-0.000525	-3.597390
1160.000000	-0.223245	-0.000527	-3.597390
1161.000000	-0.223393	-0.000530	-3.597390
1162.000000	-0.223540	-0.000530	-3.597390
1163.000000	-0.223687	-0.000531	-3.597390
1164.000000	-0.223835	-0.000533	-3.597390
1165.000000	-0.223984	-0.000534	-3.597390
1166.000000	-0.224132	-0.000533	-3.597390
1167.000000	-0.224280	-0.000534	-3.597390
1168.000000	-0.224428	-0.000534	-3.597390
1169.000000	-0.224576	-0.000533	-3.597390
1170.000000	-0.224725	-0.000534	-3.597390
1171.000000	-0.224873	-0.000533	-3.597390
1172.000000	-0.225021	-0.000533	-3.597390
1173.000000	-0.225168	-0.000529	-3.597390
1174.000000	-0.225315	-0.000529	-3.597390
1175.000000	-0.225462	-0.000529	-3.597390
1176.000000	-0.225609	-0.000528	-3.597390
1177.000000	-0.225755	-0.000527	-3.597390
1178.000000	-0.225901	-0.000525	-3.597390
1179.000000	-0.226046	-0.000523	-3.597390
1180.000000	-0.226192	-0.000525	-3.597390
1181.000000	-0.226338	-0.000525	-3.597390
1182.000000	-0.226483	-0.000521	-3.597390
1183.000000	-0.226628	-0.000523	-3.597390
1184.000000	-0.226774	-0.000525	-3.597390
1185.000000	-0.226919	-0.000523	-3.597390
1186.000000	-0.227065	-0.000523	-3.597390
1187.000000	-0.227211	-0.000526	-3.597390
1188.000000	-0.227357	-0.000527	-3.597390
1189.000000	-0.227503	-0.000526	-3.597390
1190.000000	-0.227649	-0.000525	-3.597390
1191.000000	-0.227795	-0.000525	-3.597390
1192.000000	-0.227943	-0.000533	-3.597390
1193.000000	-0.228089	-0.000526	-3.597390
1194.000000	-0.228238	-0.000535	-3.597390
1195.000000	-0.228388	-0.000540	-3.597390
1196.000000	-0.228538	-0.000539	-3.597390
1197.000000	-0.228687	-0.000539	-3.597390
1198.000000	-0.228837	-0.000539	-3.597390
1199.000000	-0.228987	-0.000539	-3.597390
1200.000000	-0.229136	-0.000537	-3.597390
1201.000000	-0.229285	-0.000537	-3.597390
1202.000000	-0.229434	-0.000538	-3.597390
1203.000000	-0.229584	-0.000538	-3.597390
1204.000000	-0.229733	-0.000538	-3.597390
1205.000000	-0.229883	-0.000539	-3.597390
1206.000000	-0.230032	-0.000539	-3.597390
1207.000000	-0.230182	-0.000538	-3.597390
1208.000000	-0.230331	-0.000537	-3.597390
1209.000000	-0.230477	-0.000526	-3.597390
1210.000000	-0.230627	-0.000541	-3.597390
