time	charge	amps	volts
1.000000	0.000005	0.000017	3.796890
2.000000	0.000009	0.000016	3.797270
3.000000	0.000013	0.000016	3.797270
4.000000	0.000018	0.000015	3.797270
5.000000	0.000022	0.000015	3.797270
6.000000	0.000026	0.000015	3.797270
7.000000	0.000030	0.000015	3.797270
8.000000	0.000034	0.000015	3.797270
9.000000	0.000038	0.000014	3.797270
10.000000	0.000042	0.000014	3.797270
11.000000	0.000046	0.000014	3.797270
12.000000	0.000050	0.000014	3.797270
13.000000	0.000054	0.000014	3.797270
14.000000	0.000057	0.000014	3.797270
15.000000	0.000061	0.000014	3.797270
16.000000	0.000065	0.000014	3.797270
17.000000	0.000069	0.000014	3.797270
18.000000	0.000073	0.000014	3.797270
19.000000	0.000076	0.000013	3.797270
20.000000	0.000080	0.000014	3.797270
21.000000	0.000084	0.000014	3.797270
22.000000	0.000088	0.000014	3.797270
23.000000	0.000091	0.000014	3.797270
24.000000	0.000095	0.000014	3.797270
25.000000	0.000099	0.000014	3.797270
26.000000	0.000103	0.000014	3.797270
27.000000	0.000106	0.000013	3.797270
28.000000	0.000110	0.000013	3.797270
29.000000	0.000114	0.000013	3.797270
30.000000	0.000117	0.000013	3.797270
31.000000	0.000121	0.000013	3.797270
32.000000	0.000125	0.000013	3.797270
33.000000	0.000129	0.000014	3.797270
34.000000	0.000132	0.000014	3.797270
35.000000	0.000136	0.000014	3.797270
36.000000	0.000140	0.000014	3.797270
37.000000	0.000143	0.000011	3.797270
38.000000	0.000145	0.000009	3.797270
39.000000	0.000148	0.000009	3.797270
40.000000	0.000150	0.000009	3.797270
41.000000	0.000153	0.000009	3.797270
42.000000	0.000155	0.000009	3.797270
43.000000	0.000158	0.000009	3.797270
44.000000	0.000160	0.000009	3.797270
45.000000	0.000163	0.000009	3.797270
46.000000	0.000165	0.000009	3.797270
47.000000	0.000168	0.000009	3.797270
48.000000	0.000170	0.000009	3.797270
49.000000	0.000173	0.000009	3.797270
50.000000	0.000175	0.000009	3.797270
51.000000	0.000178	0.000009	3.797270
52.000000	0.000180	0.000009	3.797270
53.000000	0.000183	0.000009	3.797270
54.000000	0.000185	0.000009	3.797270
55.000000	0.000188	0.000009	3.797270
56.000000	0.000190	0.000009	3.797270
57.000000	0.000192	0.000009	3.797270
58.000000	0.000195	0.000009	3.797270
59.000000	0.000197	0.000009	3.797270
60.000000	0.000200	0.000009	3.797270
61.000000	0.000202	0.000009	3.797270
62.000000	0.000205	0.000009	3.797270
63.000000	0.000207	0.000009	3.797270
64.000000	0.000210	0.000009	3.797270
65.000000	0.000212	0.000009	3.797270
66.000000	0.000214	0.000009	3.797270
67.000000	0.000217	0.000009	3.797270
68.000000	0.000219	0.000009	3.797270
69.000000	0.000222	0.000009	3.797270
70.000000	0.000224	0.000009	3.797270
71.000000	0.000227	0.000009	3.797270
72.000000	0.000229	0.000009	3.797270
73.000000	0.000232	0.000009	3.797270
74.000000	0.000234	0.000009	3.797270
75.000000	0.000237	0.000009	3.797270
76.000000	0.000239	0.000009	3.797270
77.000000	0.000242	0.000009	3.797270
78.000000	0.000244	0.000009	3.797270
79.000000	0.000247	0.000009	3.797270
80.000000	0.000249	0.000009	3.797270
81.000000	0.000252	0.000009	3.797270
82.000000	0.000254	0.000009	3.797270
83.000000	0.000257	0.000009	3.797270
84.000000	0.000259	0.000009	3.797270
85.000000	0.000262	0.000009	3.797270
86.000000	0.000264	0.000009	3.797270
87.000000	0.000267	0.000009	3.797270
88.000000	0.000269	0.000009	3.797270
89.000000	0.000272	0.000009	3.797270
90.000000	0.000274	0.000009	3.797270
91.000000	0.000277	0.000009	3.797270
92.000000	0.000279	0.000009	3.797270
93.000000	0.000282	0.000009	3.797270
94.000000	0.000284	0.000009	3.797270
95.000000	0.000287	0.000009	3.797270
96.000000	0.000289	0.000009	3.797270
97.000000	0.000292	0.000009	3.797270
98.000000	0.000294	0.000009	3.797270
99.000000	0.000297	0.000009	3.797270
100.000000	0.000299	0.000009	3.797270
101.000000	0.000302	0.000009	3.797270
102.000000	0.000304	0.000009	3.797270
103.000000	0.000307	0.000009	3.797270
104.000000	0.000309	0.000009	3.797270
105.000000	0.000312	0.000009	3.797270
106.000000	0.000314	0.000009	3.797270
107.000000	0.000316	0.000009	3.797270
108.000000	0.000319	0.000009	3.797270
109.000000	0.000322	0.000009	3.797270
110.000000	0.000324	0.000009	3.797270
111.000000	0.000327	0.000009	3.797270
112.000000	0.000329	0.000009	3.797270
113.000000	0.000331	0.000009	3.797270
114.000000	0.000334	0.000009	3.797270
115.000000	0.000336	0.000009	3.797270
116.000000	0.000339	0.000009	3.797270
117.000000	0.000341	0.000009	3.797270
118.000000	0.000344	0.000009	3.797270
119.000000	0.000346	0.000009	3.797270
120.000000	0.000349	0.000009	3.797270
121.000000	0.000351	0.000009	3.797270
122.000000	0.000354	0.000009	3.797270
123.000000	0.000356	0.000009	3.797270
124.000000	0.000359	0.000009	3.797270
125.000000	0.000361	0.000009	3.797270
126.000000	0.000364	0.000009	3.797270
127.000000	0.000366	0.000009	3.797270
128.000000	0.000369	0.000009	3.797270
129.000000	0.000371	0.000009	3.797270
130.000000	0.000374	0.000009	3.797270
131.000000	0.000376	0.000009	3.797270
132.000000	0.000379	0.000009	3.797270
133.000000	0.000381	0.000009	3.797270
134.000000	0.000384	0.000009	3.797270
135.000000	0.000387	0.000009	3.797270
136.000000	0.000389	0.000009	3.797270
137.000000	0.000392	0.000009	3.797270
138.000000	0.000394	0.000009	3.797270
139.000000	0.000397	0.000009	3.797270
140.000000	0.000399	0.000009	3.797270
141.000000	0.000402	0.000009	3.797270
142.000000	0.000404	0.000009	3.797270
143.000000	0.000407	0.000009	3.797270
144.000000	0.000409	0.000009	3.797270
145.000000	0.000412	0.000009	3.797270
146.000000	0.000414	0.000009	3.797270
147.000000	0.000417	0.000009	3.797270
148.000000	0.000419	0.000009	3.797270
149.000000	0.000422	0.000009	3.797270
150.000000	0.000424	0.000009	3.797270
151.000000	0.000427	0.000009	3.797270
152.000000	0.000429	0.000009	3.797270
153.000000	0.000432	0.000009	3.797270
154.000000	0.000435	0.000009	3.797270
155.000000	0.000437	0.000009	3.797270
156.000000	0.000440	0.000009	3.797270
157.000000	0.000442	0.000009	3.797270
158.000000	0.000445	0.000009	3.797270
159.000000	0.000447	0.000009	3.797270
160.000000	0.000450	0.000009	3.797270
161.000000	0.000452	0.000009	3.797270
162.000000	0.000455	0.000009	3.797270
163.000000	0.000458	0.000009	3.797270
164.000000	0.000460	0.000009	3.797270
165.000000	0.000463	0.000009	3.797270
166.000000	0.000465	0.000009	3.797270
167.000000	0.000468	0.000009	3.797270
168.000000	0.000470	0.000009	3.797270
169.000000	0.000473	0.000009	3.797270
170.000000	0.000475	0.000009	3.797270
171.000000	0.000478	0.000009	3.797270
172.000000	0.000481	0.000009	3.797270
173.000000	0.000483	0.000009	3.797270
174.000000	0.000486	0.000009	3.797270
175.000000	0.000488	0.000009	3.797270
176.000000	0.000491	0.000009	3.797270
177.000000	0.000493	0.000009	3.797270
178.000000	0.000496	0.000009	3.797270
179.000000	0.000498	0.000009	3.797270
180.000000	0.000501	0.000009	3.797270
181.000000	0.000503	0.000009	3.797270
182.000000	0.000506	0.000009	3.797270
183.000000	0.000509	0.000009	3.797270
184.000000	0.000511	0.000009	3.797270
185.000000	0.000514	0.000009	3.797270
186.000000	0.000516	0.000009	3.797270
187.000000	0.000519	0.000009	3.797270
188.000000	0.000521	0.000009	3.797270
189.000000	0.000524	0.000009	3.797270
190.000000	0.000526	0.000009	3.797270
191.000000	0.000529	0.000009	3.797270
192.000000	0.000532	0.000009	3.797270
193.000000	0.000534	0.000009	3.797270
194.000000	0.000537	0.000009	3.797270
195.000000	0.000539	0.000009	3.797270
196.000000	0.000542	0.000009	3.797270
197.000000	0.000544	0.000009	3.797270
198.000000	0.000547	0.000009	3.797270
199.000000	0.000549	0.000009	3.797270
200.000000	0.000552	0.000009	3.797270
201.000000	0.000554	0.000009	3.797270
202.000000	0.000557	0.000009	3.797270
203.000000	0.000559	0.000009	3.797270
204.000000	0.000562	0.000009	3.797270
205.000000	0.000564	0.000009	3.797270
206.000000	0.000567	0.000009	3.797270
207.000000	0.000569	0.000009	3.797270
208.000000	0.000572	0.000009	3.797270
209.000000	0.000574	0.000009	3.797270
210.000000	0.000577	0.000009	3.797270
211.000000	0.000579	0.000009	3.797270
212.000000	0.000581	0.000009	3.797270
213.000000	0.000584	0.000009	3.797270
214.000000	0.000586	0.000009	3.797270
215.000000	0.000589	0.000009	3.797270
216.000000	0.000591	0.000009	3.797270
217.000000	0.000594	0.000009	3.797270
218.000000	0.000596	0.000009	3.797270
219.000000	0.000599	0.000009	3.797270
220.000000	0.000601	0.000009	3.797270
221.000000	0.000604	0.000009	3.797270
222.000000	0.000606	0.000009	3.797270
223.000000	0.000609	0.000009	3.797270
224.000000	0.000611	0.000009	3.797270
225.000000	0.000614	0.000009	3.797270
226.000000	0.000616	0.000009	3.797270
227.000000	0.000619	0.000009	3.797270
228.000000	0.000621	0.000009	3.797270
229.000000	0.000624	0.000009	3.797270
230.000000	0.000626	0.000009	3.797270
231.000000	0.000629	0.000009	3.797270
232.000000	0.000631	0.000009	3.797270
233.000000	0.000634	0.000009	3.797270
234.000000	0.000636	0.000009	3.797270
235.000000	0.000639	0.000009	3.797270
236.000000	0.000641	0.000009	3.797270
237.000000	0.000644	0.000009	3.797270
238.000000	0.000646	0.000009	3.797270
239.000000	0.000649	0.000009	3.797270
240.000000	0.000651	0.000009	3.797270
241.000000	0.000654	0.000009	3.797270
242.000000	0.000656	0.000009	3.797270
243.000000	0.000659	0.000009	3.797270
244.000000	0.000661	0.000009	3.797270
245.000000	0.000664	0.000009	3.797270
246.000000	0.000666	0.000009	3.797270
247.000000	0.000669	0.000009	3.797270
248.000000	0.000671	0.000009	3.797270
249.000000	0.000673	0.000009	3.797270
250.000000	0.000676	0.000009	3.797270
251.000000	0.000678	0.000009	3.797270
252.000000	0.000681	0.000009	3.797270
253.000000	0.000683	0.000009	3.797270
254.000000	0.000686	0.000009	3.797270
255.000000	0.000688	0.000009	3.797270
256.000000	0.000691	0.000009	3.797270
257.000000	0.000693	0.000009	3.797270
258.000000	0.000696	0.000009	3.797270
259.000000	0.000698	0.000009	3.797270
260.000000	0.000701	0.000009	3.797270
261.000000	0.000703	0.000009	3.797270
262.000000	0.000706	0.000009	3.797270
263.000000	0.000708	0.000009	3.797270
264.000000	0.000711	0.000009	3.797270
265.000000	0.000713	0.000009	3.797270
266.000000	0.000716	0.000009	3.797270
267.000000	0.000718	0.000009	3.797270
268.000000	0.000721	0.000009	3.797270
269.000000	0.000723	0.000009	3.797270
270.000000	0.000726	0.000009	3.797270
271.000000	0.000728	0.000009	3.797270
272.000000	0.000730	0.000008	3.797270
273.000000	0.000733	0.000008	3.797270
274.000000	0.000735	0.000009	3.797270
275.000000	0.000737	0.000008	3.797270
276.000000	0.000740	0.000009	3.797270
277.000000	0.000742	0.000008	3.797270
278.000000	0.000744	0.000005	3.797270
279.000000	0.000745	0.000005	3.797270
280.000000	0.000747	0.000006	3.797270
281.000000	0.000748	0.000006	3.797270
282.000000	0.000751	0.000010	3.797270
283.000000	0.000753	0.000009	3.797270
284.000000	0.000756	0.000009	3.797270
285.000000	0.000758	0.000009	3.797270
286.000000	0.000761	0.000009	3.797270
287.000000	0.000763	0.000009	3.797270
288.000000	0.000766	0.000009	3.797270
289.000000	0.000768	0.000009	3.797270
290.000000	0.000771	0.000009	3.797270
291.000000	0.000773	0.000009	3.797270
292.000000	0.000775	0.000009	3.797270
293.000000	0.000778	0.000009	3.797270
294.000000	0.000780	0.000009	3.797270
295.000000	0.000783	0.000009	3.797270
296.000000	0.000785	0.000009	3.797270
297.000000	0.000788	0.000009	3.797270
298.000000	0.000790	0.000009	3.797270
299.000000	0.000792	0.000009	3.797270
300.000000	0.000795	0.000009	3.797270
301.000000	0.000797	0.000009	3.797270
302.000000	0.000799	0.000008	3.797270
303.000000	0.000802	0.000008	3.797270
304.000000	0.000804	0.000009	3.797270
305.000000	0.000806	0.000008	3.797270
306.000000	0.000809	0.000009	3.797270
307.000000	0.000811	0.000009	3.797270
308.000000	0.000814	0.000009	3.797270
309.000000	0.000816	0.000009	3.797270
310.000000	0.000819	0.000009	3.797270
311.000000	0.000821	0.000009	3.797270
312.000000	0.000824	0.000009	3.797270
313.000000	0.000826	0.000009	3.797270
314.000000	0.000828	0.000009	3.797270
315.000000	0.000831	0.000009	3.797270
316.000000	0.000833	0.000009	3.797270
317.000000	0.000836	0.000009	3.797270
318.000000	0.000838	0.000009	3.797270
319.000000	0.000840	0.000009	3.797270
320.000000	0.000843	0.000009	3.797270
321.000000	0.000845	0.000009	3.797270
322.000000	0.000848	0.000009	3.797270
323.000000	0.000850	0.000009	3.797270
324.000000	0.000852	0.000008	3.797270
325.000000	0.000855	0.000008	3.797270
326.000000	0.000857	0.000008	3.797270
327.000000	0.000859	0.000008	3.797270
328.000000	0.000861	0.000009	3.797270
329.000000	0.000864	0.000008	3.797270
330.000000	0.000866	0.000009	3.797270
331.000000	0.000869	0.000009	3.797270
332.000000	0.000871	0.000009	3.797270
333.000000	0.000874	0.000009	3.797270
334.000000	0.000876	0.000009	3.797270
335.000000	0.000879	0.000009	3.797270
336.000000	0.000881	0.000007	3.797270
337.000000	0.000883	0.000008	3.797270
338.000000	0.000885	0.000009	3.797270
339.000000	0.000888	0.000008	3.797270
340.000000	0.000890	0.000008	3.797270
341.000000	0.000892	0.000008	3.797270
342.000000	0.000895	0.000008	3.797270
343.000000	0.000897	0.000009	3.797270
344.000000	0.000899	0.000008	3.797270
345.000000	0.000902	0.000009	3.797270
346.000000	0.000904	0.000008	3.797270
347.000000	0.000907	0.000009	3.797270
348.000000	0.000909	0.000008	3.797270
349.000000	0.000911	0.000008	3.797270
350.000000	0.000913	0.000008	3.797270
351.000000	0.000916	0.000008	3.797270
352.000000	0.000918	0.000007	3.797270
353.000000	0.000920	0.000007	3.797270
354.000000	0.000922	0.000008	3.797270
355.000000	0.000924	0.000008	3.797270
356.000000	0.000927	0.000008	3.797270
357.000000	0.000929	0.000008	3.797270
358.000000	0.000931	0.000008	3.797270
359.000000	0.000934	0.000008	3.797270
360.000000	0.000936	0.000008	3.797270
361.000000	0.000938	0.000008	3.797270
362.000000	0.000941	0.000008	3.797270
363.000000	0.000943	0.000008	3.797270
364.000000	0.000945	0.000008	3.797270
365.000000	0.000948	0.000009	3.797270
366.000000	0.000950	0.000009	3.797270
367.000000	0.000953	0.000009	3.797270
368.000000	0.000955	0.000009	3.797270
369.000000	0.000957	0.000009	3.797270
370.000000	0.000960	0.000009	3.797270
371.000000	0.000962	0.000009	3.797270
372.000000	0.000964	0.000008	3.797270
373.000000	0.000967	0.000009	3.797270
374.000000	0.000969	0.000009	3.797270
375.000000	0.000972	0.000008	3.797270
376.000000	0.000974	0.000009	3.797270
377.000000	0.000976	0.000008	3.797270
378.000000	0.000979	0.000008	3.797270
379.000000	0.000981	0.000008	3.797270
380.000000	0.000983	0.000008	3.797270
381.000000	0.000986	0.000008	3.797270
382.000000	0.000988	0.000008	3.797270
383.000000	0.000990	0.000008	3.797270
384.000000	0.000992	0.000008	3.797270
385.000000	0.000995	0.000009	3.797270
386.000000	0.000997	0.000009	3.797270
387.000000	0.001000	0.000009	3.797270
388.000000	0.001002	0.000008	3.797270
389.000000	0.001004	0.000009	3.797270
390.000000	0.001007	0.000008	3.797270
391.000000	0.001009	0.000008	3.797270
392.000000	0.001011	0.000008	3.797270
393.000000	0.001014	0.000008	3.797270
394.000000	0.001016	0.000008	3.797270
395.000000	0.001018	0.000008	3.797270
396.000000	0.001021	0.000009	3.797270
397.000000	0.001023	0.000009	3.797270
398.000000	0.001026	0.000009	3.797270
399.000000	0.001028	0.000009	3.797270
400.000000	0.001031	0.000009	3.797270
401.000000	0.001033	0.000009	3.797270
402.000000	0.001035	0.000009	3.797270
403.000000	0.001038	0.000009	3.797270
404.000000	0.001041	0.000009	3.797270
405.000000	0.001043	0.000009	3.797270
406.000000	0.001046	0.000009	3.797270
407.000000	0.001048	0.000009	3.797270
408.000000	0.001051	0.000009	3.797270
409.000000	0.001053	0.000009	3.797270
410.000000	0.001056	0.000009	3.797270
411.000000	0.001058	0.000009	3.797270
412.000000	0.001061	0.000009	3.797270
413.000000	0.001063	0.000009	3.797270
414.000000	0.001066	0.000009	3.797270
415.000000	0.001069	0.000009	3.797270
416.000000	0.001071	0.000009	3.797270
417.000000	0.001074	0.000009	3.797270
418.000000	0.001076	0.000009	3.797270
419.000000	0.001079	0.000009	3.797270
420.000000	0.001081	0.000009	3.797270
421.000000	0.001084	0.000009	3.797270
422.000000	0.001087	0.000009	3.797270
423.000000	0.001089	0.000009	3.797270
424.000000	0.001092	0.000009	3.797270
425.000000	0.001094	0.000009	3.797270
426.000000	0.001097	0.000009	3.797270
427.000000	0.001099	0.000009	3.797270
428.000000	0.001102	0.000009	3.797270
429.000000	0.001104	0.000009	3.797270
430.000000	0.001107	0.000010	3.797270
431.000000	0.001110	0.000009	3.797270
432.000000	0.001112	0.000009	3.797270
433.000000	0.001115	0.000009	3.797270
434.000000	0.001117	0.000010	3.797270
435.000000	0.001120	0.000009	3.797270
436.000000	0.001123	0.000009	3.797270
437.000000	0.001125	0.000010	3.797270
438.000000	0.001128	0.000010	3.797270
439.000000	0.001131	0.000010	3.797270
440.000000	0.001133	0.000009	3.797270
441.000000	0.001136	0.000009	3.797270
442.000000	0.001138	0.000009	3.797270
443.000000	0.001141	0.000009	3.797270
444.000000	0.001144	0.000009	3.797270
445.000000	0.001146	0.000009	3.797270
446.000000	0.001149	0.000010	3.797270
447.000000	0.001151	0.000009	3.797270
448.000000	0.001154	0.000008	3.797270
449.000000	0.001156	0.000009	3.797270
450.000000	0.001158	0.000009	3.797270
451.000000	0.001161	0.000009	3.797270
452.000000	0.001163	0.000010	3.797270
453.000000	0.001166	0.000009	3.797270
454.000000	0.001169	0.000009	3.797270
455.000000	0.001171	0.000010	3.797270
456.000000	0.001174	0.000010	3.797270
457.000000	0.001177	0.000009	3.797270
458.000000	0.001179	0.000009	3.797270
459.000000	0.001182	0.000009	3.797270
460.000000	0.001184	0.000009	3.797270
461.000000	0.001187	0.000009	3.797270
462.000000	0.001189	0.000009	3.797270
463.000000	0.001192	0.000009	3.797270
464.000000	0.001194	0.000009	3.797270
465.000000	0.001197	0.000009	3.797270
466.000000	0.001199	0.000009	3.797270
467.000000	0.001202	0.000009	3.797270
468.000000	0.001204	0.000009	3.797270
469.000000	0.001207	0.000009	3.797270
470.000000	0.001210	0.000010	3.797270
471.000000	0.001212	0.000009	3.797270
472.000000	0.001215	0.000010	3.797270
473.000000	0.001217	0.000010	3.797270
474.000000	0.001220	0.000010	3.797270
475.000000	0.001223	0.000009	3.797270
476.000000	0.001225	0.000010	3.797270
477.000000	0.001228	0.000010	3.797270
478.000000	0.001231	0.000010	3.797270
479.000000	0.001233	0.000010	3.797270
480.000000	0.001236	0.000010	3.797270
481.000000	0.001239	0.000010	3.797270
482.000000	0.001241	0.000009	3.797270
483.000000	0.001244	0.000009	3.797270
484.000000	0.001246	0.000009	3.797270
485.000000	0.001249	0.000009	3.797270
486.000000	0.001251	0.000008	3.797270
487.000000	0.001253	0.000009	3.797270
488.000000	0.001256	0.000009	3.797270
489.000000	0.001258	0.000009	3.797270
490.000000	0.001261	0.000009	3.797270
491.000000	0.001263	0.000009	3.797270
492.000000	0.001266	0.000009	3.797270
493.000000	0.001268	0.000009	3.797270
494.000000	0.001271	0.000009	3.797270
495.000000	0.001273	0.000009	3.797270
496.000000	0.001276	0.000010	3.797270
497.000000	0.001278	0.000010	3.797270
498.000000	0.001281	0.000010	3.797270
499.000000	0.001284	0.000010	3.797270
500.000000	0.001286	0.000009	3.797270
501.000000	0.001289	0.000010	3.797270
502.000000	0.001292	0.000010	3.797270
503.000000	0.001294	0.000010	3.797270
504.000000	0.001297	0.000010	3.797270
505.000000	0.001300	0.000010	3.797270
506.000000	0.001302	0.000010	3.797270
507.000000	0.001305	0.000010	3.797270
508.000000	0.001308	0.000010	3.797270
509.000000	0.001311	0.000010	3.797270
510.000000	0.001313	0.000010	3.797270
511.000000	0.001316	0.000010	3.797270
512.000000	0.001319	0.000010	3.797270
513.000000	0.001321	0.000010	3.797270
514.000000	0.001324	0.000010	3.797270
515.000000	0.001327	0.000010	3.797270
516.000000	0.001330	0.000010	3.797270
517.000000	0.001332	0.000009	3.797270
518.000000	0.001334	0.000009	3.797270
519.000000	0.001337	0.000009	3.797270
520.000000	0.001339	0.000009	3.797270
521.000000	0.001342	0.000009	3.797270
522.000000	0.001345	0.000009	3.797270
523.000000	0.001347	0.000009	3.797270
524.000000	0.001350	0.000009	3.797270
525.000000	0.001352	0.000009	3.797270
526.000000	0.001355	0.000009	3.797270
527.000000	0.001357	0.000009	3.797270
528.000000	0.001360	0.000009	3.797270
529.000000	0.001362	0.000009	3.797270
530.000000	0.001365	0.000009	3.797270
531.000000	0.001367	0.000009	3.797270
532.000000	0.001370	0.000009	3.797270
533.000000	0.001372	0.000009	3.797270
534.000000	0.001374	0.000009	3.797270
535.000000	0.001377	0.000009	3.797270
536.000000	0.001379	0.000009	3.797270
537.000000	0.001382	0.000009	3.797270
538.000000	0.001384	0.000009	3.797270
539.000000	0.001387	0.000009	3.797270
540.000000	0.001389	0.000009	3.797270
541.000000	0.001392	0.000009	3.797270
542.000000	0.001394	0.000008	3.797270
543.000000	0.001396	0.000008	3.797270
544.000000	0.001399	0.000009	3.797270
545.000000	0.001401	0.000009	3.797270
546.000000	0.001404	0.000009	3.797270
547.000000	0.001406	0.000009	3.797270
548.000000	0.001409	0.000009	3.797270
549.000000	0.001411	0.000009	3.797270
550.000000	0.001414	0.000009	3.797270
551.000000	0.001416	0.000008	3.797270
552.000000	0.001418	0.000009	3.797270
553.000000	0.001421	0.000009	3.797270
554.000000	0.001423	0.000008	3.797270
555.000000	0.001425	0.000008	3.797270
556.000000	0.001428	0.000009	3.797270
557.000000	0.001430	0.000009	3.797270
558.000000	0.001433	0.000009	3.797270
559.000000	0.001435	0.000009	3.797270
560.000000	0.001438	0.000009	3.797270
561.000000	0.001440	0.000009	3.797270
562.000000	0.001442	0.000009	3.797270
563.000000	0.001445	0.000009	3.797270
564.000000	0.001447	0.000009	3.797270
565.000000	0.001450	0.000009	3.797270
566.000000	0.001452	0.000009	3.797270
567.000000	0.001454	0.000008	3.797270
568.000000	0.001456	0.000007	3.797270
569.000000	0.001458	0.000007	3.797270
570.000000	0.001460	0.000007	3.797270
571.000000	0.001462	0.000007	3.797270
572.000000	0.001464	0.000007	3.797270
573.000000	0.001466	0.000007	3.797270
574.000000	0.001468	0.000007	3.797270
575.000000	0.001470	0.000008	3.797270
576.000000	0.001473	0.000009	3.797270
577.000000	0.001475	0.000009	3.797270
578.000000	0.001478	0.000009	3.797270
579.000000	0.001480	0.000008	3.797270
580.000000	0.001482	0.000008	3.797270
581.000000	0.001485	0.000008	3.797270
582.000000	0.001487	0.000009	3.797270
583.000000	0.001490	0.000009	3.797270
584.000000	0.001492	0.000009	3.797270
585.000000	0.001494	0.000009	3.797270
586.000000	0.001497	0.000008	3.797270
587.000000	0.001499	0.000008	3.797270
588.000000	0.001501	0.000009	3.797270
589.000000	0.001504	0.000009	3.797270
590.000000	0.001506	0.000008	3.797270
591.000000	0.001508	0.000008	3.797270
592.000000	0.001511	0.000008	3.797270
593.000000	0.001513	0.000008	3.797270
594.000000	0.001515	0.000008	3.797270
595.000000	0.001517	0.000008	3.797270
596.000000	0.001520	0.000008	3.797270
597.000000	0.001522	0.000008	3.797270
598.000000	0.001524	0.000009	3.797270
599.000000	0.001527	0.000008	3.797270
600.000000	0.001529	0.000009	3.797270
601.000000	0.001532	0.000009	3.797270
602.000000	0.001534	0.000010	3.797270
603.000000	0.001537	0.000010	3.797270
604.000000	0.001540	0.000009	3.797270
605.000000	0.001542	0.000009	3.797270
606.000000	0.001544	0.000008	3.797270
607.000000	0.001547	0.000008	3.797270
608.000000	0.001549	0.000009	3.797270
609.000000	0.001551	0.000008	3.797270
610.000000	0.001554	0.000008	3.797270
611.000000	0.001556	0.000008	3.797270
612.000000	0.001558	0.000008	3.797270
613.000000	0.001561	0.000009	3.797270
614.000000	0.001563	0.000009	3.797270
615.000000	0.001566	0.000009	3.797270
616.000000	0.001568	0.000008	3.797270
617.000000	0.001570	0.000008	3.797270
618.000000	0.001572	0.000008	3.797270
619.000000	0.001574	0.000008	3.797270
620.000000	0.001577	0.000009	3.797270
621.000000	0.001579	0.000008	3.797270
622.000000	0.001581	0.000008	3.797270
623.000000	0.001584	0.000008	3.797270
624.000000	0.001586	0.000008	3.797270
625.000000	0.001588	0.000008	3.797270
626.000000	0.001591	0.000009	3.797270
627.000000	0.001593	0.000008	3.797270
628.000000	0.001596	0.000009	3.797270
629.000000	0.001598	0.000009	3.797270
630.000000	0.001601	0.000010	3.797270
631.000000	0.001603	0.000010	3.797270
632.000000	0.001606	0.000009	3.797270
633.000000	0.001608	0.000009	3.797270
634.000000	0.001611	0.000009	3.797270
635.000000	0.001613	0.000009	3.797270
636.000000	0.001616	0.000009	3.797270
637.000000	0.001618	0.000009	3.797270
638.000000	0.001621	0.000009	3.797270
639.000000	0.001623	0.000009	3.797270
640.000000	0.001626	0.000009	3.797270
641.000000	0.001628	0.000009	3.797270
642.000000	0.001631	0.000009	3.797270
643.000000	0.001633	0.000009	3.797270
644.000000	0.001636	0.000009	3.797270
645.000000	0.001639	0.000009	3.797270
646.000000	0.001641	0.000010	3.797270
647.000000	0.001644	0.000010	3.797270
648.000000	0.001646	0.000009	3.797270
649.000000	0.001649	0.000009	3.797270
650.000000	0.001652	0.000009	3.797270
651.000000	0.001654	0.000009	3.797270
652.000000	0.001657	0.000009	3.797270
653.000000	0.001659	0.000008	3.797270
654.000000	0.001661	0.000008	3.797270
655.000000	0.001664	0.000008	3.797270
656.000000	0.001666	0.000009	3.797270
657.000000	0.001668	0.000009	3.797270
658.000000	0.001671	0.000009	3.797270
659.000000	0.001673	0.000008	3.797270
660.000000	0.001675	0.000008	3.797270
661.000000	0.001677	0.000008	3.797270
662.000000	0.001680	0.000008	3.797270
663.000000	0.001682	0.000008	3.797270
664.000000	0.001684	0.000008	3.797270
665.000000	0.001686	0.000009	3.797270
666.000000	0.001689	0.000008	3.797270
667.000000	0.001691	0.000008	3.797270
668.000000	0.001693	0.000009	3.797270
669.000000	0.001696	0.000008	3.797270
670.000000	0.001698	0.000009	3.797270
671.000000	0.001701	0.000009	3.797270
672.000000	0.001703	0.000009	3.797270
673.000000	0.001706	0.000009	3.797270
674.000000	0.001708	0.000009	3.797270
675.000000	0.001710	0.000008	3.797270
676.000000	0.001713	0.000008	3.797270
677.000000	0.001715	0.000008	3.797270
678.000000	0.001717	0.000008	3.797270
679.000000	0.001720	0.000009	3.797270
680.000000	0.001722	0.000009	3.797270
681.000000	0.001724	0.000009	3.797270
682.000000	0.001727	0.000009	3.797270
683.000000	0.001729	0.000009	3.797270
684.000000	0.001732	0.000009	3.797270
685.000000	0.001734	0.000009	3.797270
686.000000	0.001737	0.000008	3.797270
687.000000	0.001739	0.000008	3.797270
688.000000	0.001741	0.000008	3.797270
689.000000	0.001744	0.000011	3.797270
690.000000	0.001747	0.000010	3.797270
691.000000	0.001749	0.000008	3.797270
692.000000	0.001752	0.000009	3.797270
693.000000	0.001754	0.000009	3.797270
694.000000	0.001756	0.000009	3.797270
695.000000	0.001759	0.000008	3.797270
696.000000	0.001761	0.000009	3.797270
697.000000	0.001764	0.000010	3.797270
698.000000	0.001766	0.000010	3.797270
699.000000	0.001769	0.000010	3.797270
700.000000	0.001772	0.000010	3.797270
701.000000	0.001775	0.000010	3.797270
702.000000	0.001777	0.000010	3.797270
703.000000	0.001780	0.000010	3.797270
704.000000	0.001783	0.000010	3.797270
705.000000	0.001785	0.000008	3.797270
706.000000	0.001787	0.000008	3.797270
707.000000	0.001790	0.000010	3.797270
708.000000	0.001792	0.000009	3.797270
709.000000	0.001795	0.000009	3.797270
710.000000	0.001797	0.000009	3.797270
711.000000	0.001800	0.000009	3.797270
712.000000	0.001802	0.000009	3.797270
713.000000	0.001805	0.000009	3.797270
714.000000	0.001807	0.000009	3.797270
715.000000	0.001810	0.000010	3.797270
716.000000	0.001813	0.000010	3.797270
717.000000	0.001815	0.000010	3.797270
718.000000	0.001818	0.000010	3.797270
719.000000	0.001821	0.000010	3.797270
720.000000	0.001823	0.000010	3.797270
721.000000	0.001826	0.000010	3.797270
722.000000	0.001829	0.000010	3.797270
723.000000	0.001831	0.000009	3.797270
724.000000	0.001834	0.000009	3.797270
725.000000	0.001836	0.000009	3.797270
726.000000	0.001839	0.000009	3.797270
727.000000	0.001841	0.000009	3.797270
728.000000	0.001844	0.000009	3.797270
729.000000	0.001846	0.000009	3.797270
730.000000	0.001849	0.000009	3.797270
731.000000	0.001852	0.000009	3.797270
732.000000	0.001854	0.000009	3.797270
733.000000	0.001857	0.000009	3.797270
734.000000	0.001859	0.000007	3.797270
735.000000	0.001861	0.000009	3.797270
736.000000	0.001864	0.000010	3.797270
737.000000	0.001867	0.000009	3.797270
738.000000	0.001869	0.000008	3.797270
739.000000	0.001871	0.000010	3.797270
740.000000	0.001874	0.000009	3.797270
741.000000	0.001876	0.000009	3.797270
742.000000	0.001879	0.000009	3.797270
743.000000	0.001881	0.000009	3.797270
744.000000	0.001883	0.000008	3.797270
745.000000	0.001886	0.000008	3.797270
746.000000	0.001888	0.000008	3.797270
747.000000	0.001891	0.000009	3.797270
748.000000	0.001893	0.000009	3.797270
749.000000	0.001895	0.000008	3.797270
750.000000	0.001897	0.000007	3.797270
751.000000	0.001899	0.000007	3.797270
752.000000	0.001901	0.000007	3.797270
753.000000	0.001903	0.000007	3.797270
754.000000	0.001905	0.000008	3.797270
755.000000	0.001907	0.000009	3.797270
756.000000	0.001909	0.000007	3.797270
757.000000	0.001911	0.000008	3.797270
758.000000	0.001914	0.000008	3.797270
759.000000	0.001916	0.000008	3.797270
760.000000	0.001918	0.000008	3.797270
761.000000	0.001920	0.000008	3.797270
762.000000	0.001923	0.000009	3.797270
763.000000	0.001925	0.000009	3.797270
764.000000	0.001928	0.000008	3.797270
765.000000	0.001930	0.000008	3.797270
766.000000	0.001932	0.000009	3.797270
767.000000	0.001935	0.000008	3.797270
768.000000	0.001937	0.000008	3.797270
769.000000	0.001939	0.000008	3.797270
770.000000	0.001941	0.000008	3.797270
771.000000	0.001943	0.000008	3.797270
772.000000	0.001946	0.000008	3.797270
773.000000	0.001948	0.000008	3.797270
774.000000	0.001951	0.000010	3.797270
775.000000	0.001953	0.000008	3.797270
776.000000	0.001955	0.000008	3.797270
777.000000	0.001958	0.000009	3.797270
778.000000	0.001960	0.000009	3.797270
779.000000	0.001962	0.000008	3.797270
780.000000	0.001965	0.000009	3.797270
781.000000	0.001968	0.000011	3.797270
782.000000	0.001971	0.000010	3.797270
783.000000	0.001973	0.000010	3.797270
784.000000	0.001976	0.000008	3.797270
785.000000	0.001978	0.000009	3.797270
786.000000	0.001981	0.000009	3.797270
787.000000	0.001983	0.000009	3.797270
788.000000	0.001986	0.000009	3.797270
789.000000	0.001988	0.000009	3.797270
790.000000	0.001991	0.000009	3.797270
791.000000	0.001993	0.000009	3.797270
792.000000	0.001996	0.000009	3.797270
793.000000	0.001998	0.000009	3.797270
794.000000	0.002001	0.000009	3.797270
795.000000	0.002003	0.000008	3.797270
796.000000	0.002005	0.000008	3.797270
797.000000	0.002008	0.000008	3.797270
798.000000	0.002010	0.000008	3.797270
799.000000	0.002012	0.000008	3.797270
800.000000	0.002014	0.000008	3.797270
801.000000	0.002017	0.000008	3.797270
802.000000	0.002019	0.000008	3.797270
803.000000	0.002021	0.000009	3.797270
804.000000	0.002024	0.000009	3.797270
805.000000	0.002026	0.000009	3.797270
806.000000	0.002029	0.000009	3.797270
807.000000	0.002031	0.000009	3.797270
808.000000	0.002034	0.000009	3.797270
809.000000	0.002036	0.000008	3.797270
810.000000	0.002038	0.000008	3.797270
811.000000	0.002040	0.000009	3.797270
812.000000	0.002043	0.000009	3.797270
813.000000	0.002045	0.000008	3.797270
814.000000	0.002048	0.000009	3.797270
815.000000	0.002050	0.000009	3.797270
816.000000	0.002053	0.000009	3.797270
817.000000	0.002055	0.000009	3.797270
818.000000	0.002058	0.000009	3.797270
819.000000	0.002060	0.000009	3.797270
820.000000	0.002063	0.000009	3.797270
821.000000	0.002065	0.000008	3.797270
822.000000	0.002068	0.000009	3.797270
823.000000	0.002070	0.000009	3.797270
824.000000	0.002073	0.000009	3.797270
825.000000	0.002075	0.000009	3.797270
826.000000	0.002078	0.000009	3.797270
827.000000	0.002080	0.000009	3.797270
828.000000	0.002083	0.000009	3.797270
829.000000	0.002085	0.000009	3.797270
830.000000	0.002088	0.000009	3.797270
831.000000	0.002091	0.000009	3.797270
832.000000	0.002093	0.000009	3.797270
833.000000	0.002096	0.000009	3.797270
834.000000	0.002098	0.000009	3.797270
835.000000	0.002100	0.000009	3.797270
836.000000	0.002103	0.000009	3.797270
837.000000	0.002105	0.000009	3.797270
838.000000	0.002108	0.000009	3.797270
839.000000	0.002111	0.000010	3.797270
840.000000	0.002113	0.000009	3.797270
841.000000	0.002116	0.000009	3.797270
842.000000	0.002118	0.000009	3.797270
843.000000	0.002121	0.000010	3.797270
844.000000	0.002124	0.000010	3.797270
845.000000	0.002126	0.000008	3.797270
846.000000	0.002129	0.000009	3.797270
847.000000	0.002131	0.000010	3.797270
848.000000	0.002134	0.000010	3.797270
849.000000	0.002137	0.000010	3.797270
850.000000	0.002139	0.000010	3.797270
851.000000	0.002142	0.000009	3.797270
852.000000	0.002144	0.000009	3.797270
853.000000	0.002147	0.000009	3.797270
854.000000	0.002149	0.000009	3.797270
855.000000	0.002152	0.000009	3.797270
856.000000	0.002154	0.000009	3.797270
857.000000	0.002157	0.000009	3.797270
858.000000	0.002160	0.000009	3.797270
859.000000	0.002162	0.000009	3.797270
860.000000	0.002165	0.000009	3.797270
861.000000	0.002167	0.000009	3.797270
862.000000	0.002170	0.000010	3.797270
863.000000	0.002173	0.000010	3.797270
864.000000	0.002175	0.000010	3.797270
865.000000	0.002178	0.000010	3.797270
866.000000	0.002181	0.000010	3.797270
867.000000	0.002183	0.000010	3.797270
868.000000	0.002186	0.000009	3.797270
869.000000	0.002188	0.000007	3.797270
870.000000	0.002190	0.000007	3.797270
871.000000	0.002192	0.000008	3.797270
872.000000	0.002194	0.000008	3.797270
873.000000	0.002196	0.000008	3.797270
874.000000	0.002198	0.000008	3.797270
875.000000	0.002201	0.000008	3.797270
876.000000	0.002203	0.000008	3.797270
877.000000	0.002205	0.000008	3.797270
878.000000	0.002207	0.000008	3.797270
879.000000	0.002209	0.000008	3.797270
880.000000	0.002211	0.000008	3.797270
881.000000	0.002214	0.000008	3.797270
882.000000	0.002216	0.000008	3.797270
883.000000	0.002218	0.000008	3.797270
884.000000	0.002220	0.000008	3.797270
885.000000	0.002222	0.000008	3.797270
886.000000	0.002225	0.000008	3.797270
887.000000	0.002227	0.000008	3.797270
888.000000	0.002229	0.000008	3.797270
889.000000	0.002231	0.000008	3.797270
890.000000	0.002233	0.000008	3.797270
891.000000	0.002236	0.000008	3.797270
892.000000	0.002238	0.000008	3.797270
893.000000	0.002240	0.000008	3.797270
894.000000	0.002242	0.000008	3.797270
895.000000	0.002245	0.000008	3.797270
896.000000	0.002247	0.000008	3.797270
897.000000	0.002249	0.000009	3.797270
898.000000	0.002252	0.000009	3.797270
899.000000	0.002254	0.000008	3.797270
900.000000	0.002257	0.000009	3.797270
901.000000	0.002259	0.000009	3.797270
902.000000	0.002262	0.000009	3.797270
903.000000	0.002264	0.000009	3.797270
904.000000	0.002267	0.000009	3.797270
905.000000	0.002269	0.000009	3.797270
906.000000	0.002271	0.000008	3.797270
907.000000	0.002274	0.000009	3.797270
908.000000	0.002276	0.000009	3.797270
909.000000	0.002279	0.000009	3.797270
910.000000	0.002282	0.000009	3.797270
911.000000	0.002284	0.000009	3.797270
912.000000	0.002287	0.000009	3.797270
913.000000	0.002289	0.000009	3.797270
914.000000	0.002292	0.000009	3.797270
915.000000	0.002294	0.000009	3.797270
916.000000	0.002297	0.000009	3.797270
917.000000	0.002299	0.000008	3.797270
918.000000	0.002301	0.000007	3.797270
919.000000	0.002303	0.000008	3.797270
920.000000	0.002305	0.000008	3.797270
921.000000	0.002308	0.000008	3.797270
922.000000	0.002310	0.000008	3.797270
923.000000	0.002312	0.000007	3.797270
924.000000	0.002315	0.000010	3.797270
925.000000	0.002317	0.000010	3.797270
926.000000	0.002320	0.000011	3.797270
927.000000	0.002323	0.000010	3.797270
928.000000	0.002326	0.000010	3.797270
929.000000	0.002329	0.000010	3.797270
930.000000	0.002332	0.000010	3.797270
931.000000	0.002335	0.000010	3.797270
932.000000	0.002338	0.000010	3.797270
933.000000	0.002340	0.000009	3.797270
934.000000	0.002343	0.000010	3.797270
935.000000	0.002346	0.000010	3.797270
936.000000	0.002347	0.000007	3.797270
937.000000	0.002349	0.000007	3.797270
938.000000	0.002351	0.000007	3.797270
939.000000	0.002353	0.000007	3.797270
940.000000	0.002355	0.000007	3.797270
941.000000	0.002357	0.000007	3.797270
942.000000	0.002359	0.000007	3.797270
943.000000	0.002362	0.000008	3.797270
944.000000	0.002364	0.000008	3.797270
945.000000	0.002366	0.000008	3.797270
946.000000	0.002368	0.000009	3.797270
947.000000	0.002371	0.000009	3.797270
948.000000	0.002373	0.000009	3.797270
949.000000	0.002376	0.000009	3.797270
950.000000	0.002379	0.000010	3.797270
951.000000	0.002381	0.000010	3.797270
952.000000	0.002384	0.000010	3.797270
953.000000	0.002386	0.000008	3.797270
954.000000	0.002389	0.000008	3.797270
955.000000	0.002391	0.000008	3.797270
956.000000	0.002393	0.000008	3.797270
957.000000	0.002396	0.000009	3.797270
958.000000	0.002398	0.000008	3.797270
959.000000	0.002400	0.000008	3.797270
960.000000	0.002402	0.000006	3.797270
961.000000	0.002404	0.000007	3.797270
962.000000	0.002405	0.000007	3.797270
963.000000	0.002407	0.000007	3.797270
964.000000	0.002409	0.000007	3.797270
965.000000	0.002411	0.000006	3.797270
966.000000	0.002413	0.000006	3.797270
967.000000	0.002414	0.000006	3.797270
968.000000	0.002416	0.000006	3.797270
969.000000	0.002418	0.000006	3.797270
970.000000	0.002420	0.000006	3.797270
971.000000	0.002421	0.000007	3.797270
972.000000	0.002423	0.000007	3.797270
973.000000	0.002425	0.000007	3.797270
974.000000	0.002427	0.000007	3.797270
975.000000	0.002429	0.000006	3.797270
976.000000	0.002431	0.000006	3.797270
977.000000	0.002432	0.000006	3.797270
978.000000	0.002434	0.000006	3.797270
979.000000	0.002436	0.000006	3.797270
980.000000	0.002437	0.000006	3.797270
981.000000	0.002439	0.000006	3.797270
982.000000	0.002441	0.000006	3.797270
983.000000	0.002443	0.000006	3.797270
984.000000	0.002444	0.000006	3.797270
985.000000	0.002446	0.000006	3.797270
986.000000	0.002448	0.000006	3.797270
987.000000	0.002449	0.000006	3.797270
988.000000	0.002451	0.000006	3.797270
989.000000	0.002453	0.000006	3.797270
990.000000	0.002455	0.000006	3.797270
991.000000	0.002456	0.000006	3.797270
992.000000	0.002458	0.000006	3.797270
993.000000	0.002460	0.000006	3.797270
994.000000	0.002461	0.000006	3.797270
995.000000	0.002463	0.000006	3.797270
996.000000	0.002465	0.000006	3.797270
997.000000	0.002467	0.000006	3.797270
998.000000	0.002469	0.000007	3.797270
999.000000	0.002470	0.000007	3.797270
1000.000000	0.002472	0.000007	3.797270
1001.000000	0.002474	0.000007	3.797270
1002.000000	0.002476	0.000007	3.797270
1003.000000	0.002479	0.000008	3.797270
1004.000000	0.002481	0.000007	3.797270
1005.000000	0.002483	0.000007	3.797270
1006.000000	0.002485	0.000009	3.797270
1007.000000	0.002488	0.000010	3.797270
1008.000000	0.002490	0.000010	3.797270
1009.000000	0.002492	0.000007	3.797270
1010.000000	0.002494	0.000007	3.797270
1011.000000	0.002496	0.000007	3.797270
1012.000000	0.002498	0.000007	3.797270
1013.000000	0.002500	0.000007	3.797270
1014.000000	0.002504	0.000014	3.797270
1015.000000	0.002508	0.000013	3.797270
1016.000000	0.002511	0.000012	3.797270
1017.000000	0.002514	0.000012	3.797270
1018.000000	0.002518	0.000012	3.797270
1019.000000	0.002520	0.000007	3.797270
1020.000000	0.002522	0.000007	3.797270
1021.000000	0.002524	0.000008	3.797270
1022.000000	0.002526	0.000008	3.797270
1023.000000	0.002528	0.000009	3.797270
1024.000000	0.002531	0.000009	3.797270
1025.000000	0.002533	0.000009	3.797270
1026.000000	0.002536	0.000009	3.797270
1027.000000	0.002539	0.000013	3.797270
1028.000000	0.002542	0.000009	3.797270
1029.000000	0.002544	0.000007	3.797270
1030.000000	0.002546	0.000007	3.797270
1031.000000	0.002548	0.000008	3.797270
1032.000000	0.002550	0.000008	3.797270
1033.000000	0.002552	0.000008	3.797270
1034.000000	0.002554	0.000008	3.797270
1035.000000	0.002557	0.000008	3.797270
1036.000000	0.002558	0.000006	3.797270
1037.000000	0.002561	0.000008	3.797270
1038.000000	0.002562	0.000006	3.797270
1039.000000	0.002564	0.000006	3.797270
1040.000000	0.002566	0.000006	3.797270
1041.000000	0.002567	0.000006	3.797270
1042.000000	0.002569	0.000006	3.797270
1043.000000	0.002570	0.000006	3.797270
1044.000000	0.002572	0.000006	3.797270
1045.000000	0.002574	0.000006	3.797270
1046.000000	0.002575	0.000006	3.797270
1047.000000	0.002577	0.000006	3.797270
1048.000000	0.002578	0.000006	3.797270
1049.000000	0.002580	0.000006	3.797270
1050.000000	0.002581	0.000006	3.797270
1051.000000	0.002583	0.000006	3.797270
1052.000000	0.002585	0.000006	3.797270
1053.000000	0.002586	0.000006	3.797270
1054.000000	0.002588	0.000006	3.797270
1055.000000	0.002589	0.000006	3.797270
1056.000000	0.002591	0.000006	3.797270
1057.000000	0.002592	0.000006	3.797270
1058.000000	0.002594	0.000006	3.797270
1059.000000	0.002596	0.000006	3.797270
1060.000000	0.002597	0.000006	3.797270
1061.000000	0.002599	0.000006	3.797270
1062.000000	0.002601	0.000007	3.797270
1063.000000	0.002602	0.000006	3.797270
1064.000000	0.002604	0.000006	3.797270
1065.000000	0.002606	0.000006	3.797270
1066.000000	0.002608	0.000006	3.797270
1067.000000	0.002609	0.000006	3.797270
1068.000000	0.002611	0.000006	3.797270
1069.000000	0.002613	0.000006	3.797270
1070.000000	0.002615	0.000006	3.797270
1071.000000	0.002617	0.000007	3.797270
1072.000000	0.002619	0.000007	3.797270
1073.000000	0.002621	0.000007	3.797270
1074.000000	0.002623	0.000007	3.797270
1075.000000	0.002625	0.000007	3.797270
1076.000000	0.002626	0.000007	3.797270
1077.000000	0.002628	0.000007	3.797270
1078.000000	0.002630	0.000007	3.797270
1079.000000	0.002632	0.000006	3.797270
1080.000000	0.002634	0.000007	3.797270
1081.000000	0.002636	0.000007	3.797270
1082.000000	0.002638	0.000007	3.797270
1083.000000	0.002640	0.000007	3.797270
1084.000000	0.002642	0.000007	3.797270
1085.000000	0.002644	0.000007	3.797270
1086.000000	0.002646	0.000007	3.797270
1087.000000	0.002648	0.000007	3.797270
1088.000000	0.002650	0.000007	3.797270
1089.000000	0.002652	0.000007	3.797270
1090.000000	0.002653	0.000007	3.797270
1091.000000	0.002655	0.000007	3.797270
1092.000000	0.002657	0.000007	3.797270
1093.000000	0.002659	0.000007	3.797270
1094.000000	0.002661	0.000007	3.797270
1095.000000	0.002663	0.000007	3.797270
1096.000000	0.002665	0.000007	3.797270
1097.000000	0.002667	0.000007	3.797270
1098.000000	0.002669	0.000007	3.797270
1099.000000	0.002671	0.000007	3.797270
1100.000000	0.002672	0.000007	3.797270
1101.000000	0.002674	0.000007	3.797270
1102.000000	0.002676	0.000007	3.797270
1103.000000	0.002678	0.000007	3.797270
1104.000000	0.002680	0.000007	3.797270
1105.000000	0.002682	0.000007	3.797270
1106.000000	0.002684	0.000007	3.797270
1107.000000	0.002686	0.000007	3.797270
1108.000000	0.002688	0.000007	3.797270
1109.000000	0.002690	0.000007	3.797270
1110.000000	0.002692	0.000007	3.797270
1111.000000	0.002694	0.000007	3.797270
1112.000000	0.002696	0.000007	3.797270
1113.000000	0.002697	0.000007	3.797270
1114.000000	0.002699	0.000007	3.797270
1115.000000	0.002701	0.000007	3.797270
1116.000000	0.002703	0.000007	3.797270
1117.000000	0.002705	0.000007	3.797270
1118.000000	0.002707	0.000007	3.797270
1119.000000	0.002709	0.000010	3.797270
1120.000000	0.002713	0.000012	3.797270
1121.000000	0.002715	0.000010	3.797270
1122.000000	0.002718	0.000009	3.797270
1123.000000	0.002721	0.000009	3.797270
1124.000000	0.002723	0.000009	3.797270
1125.000000	0.002726	0.000010	3.797270
1126.000000	0.002728	0.000009	3.797270
1127.000000	0.002731	0.000009	3.797270
1128.000000	0.002734	0.000009	3.797270
1129.000000	0.002736	0.000009	3.797270
1130.000000	0.002739	0.000009	3.797270
1131.000000	0.002741	0.000009	3.797270
1132.000000	0.002744	0.000009	3.797270
1133.000000	0.002746	0.000009	3.797270
1134.000000	0.002749	0.000010	3.797270
1135.000000	0.002751	0.000010	3.797270
1136.000000	0.002754	0.000009	3.797270
1137.000000	0.002757	0.000010	3.797270
1138.000000	0.002759	0.000010	3.797270
1139.000000	0.002762	0.000009	3.797270
1140.000000	0.002764	0.000009	3.797270
1141.000000	0.002767	0.000009	3.797270
1142.000000	0.002769	0.000009	3.797270
1143.000000	0.002772	0.000009	3.797270
1144.000000	0.002774	0.000009	3.797270
1145.000000	0.002777	0.000009	3.797270
1146.000000	0.002780	0.000009	3.797270
1147.000000	0.002782	0.000009	3.797270
1148.000000	0.002785	0.000009	3.797270
1149.000000	0.002787	0.000010	3.797270
1150.000000	0.002790	0.000009	3.797270
1151.000000	0.002793	0.000009	3.797270
1152.000000	0.002795	0.000009	3.797270
1153.000000	0.002798	0.000009	3.797270
1154.000000	0.002800	0.000009	3.797270
1155.000000	0.002803	0.000009	3.797270
1156.000000	0.002806	0.000009	3.797270
1157.000000	0.002808	0.000008	3.797270
1158.000000	0.002810	0.000009	3.797270
1159.000000	0.002813	0.000009	3.797270
1160.000000	0.002815	0.000009	3.797270
1161.000000	0.002818	0.000009	3.797270
1162.000000	0.002820	0.000009	3.797270
1163.000000	0.002823	0.000009	3.797270
1164.000000	0.002826	0.000009	3.797270
1165.000000	0.002828	0.000009	3.797270
1166.000000	0.002831	0.000009	3.797270
1167.000000	0.002833	0.000009	3.797270
1168.000000	0.002836	0.000009	3.797270
1169.000000	0.002838	0.000009	3.797270
1170.000000	0.002841	0.000009	3.797270
1171.000000	0.002843	0.000009	3.797270
1172.000000	0.002846	0.000010	3.797270
1173.000000	0.002849	0.000010	3.797270
1174.000000	0.002851	0.000009	3.797270
1175.000000	0.002854	0.000010	3.797270
1176.000000	0.002857	0.000009	3.797270
1177.000000	0.002859	0.000010	3.797270
1178.000000	0.002862	0.000010	3.797270
1179.000000	0.002864	0.000010	3.797270
1180.000000	0.002867	0.000010	3.797270
1181.000000	0.002870	0.000010	3.797270
1182.000000	0.002873	0.000010	3.797270
1183.000000	0.002875	0.000010	3.797270
1184.000000	0.002878	0.000010	3.797270
1185.000000	0.002881	0.000010	3.797270
1186.000000	0.002883	0.000010	3.797270
1187.000000	0.002886	0.000010	3.797270
1188.000000	0.002889	0.000010	3.797270
1189.000000	0.002891	0.000010	3.797270
1190.000000	0.002894	0.000009	3.797270
1191.000000	0.002896	0.000009	3.797270
1192.000000	0.002899	0.000009	3.797270
1193.000000	0.002902	0.000009	3.797270
1194.000000	0.002904	0.000010	3.797270
1195.000000	0.002907	0.000009	3.797270
1196.000000	0.002909	0.000009	3.797270
1197.000000	0.002912	0.000008	3.797270
1198.000000	0.002914	0.000008	3.797270
1199.000000	0.002916	0.000008	3.797270
1200.000000	0.002919	0.000009	3.797270
1201.000000	0.002920	0.000006	3.797270
1202.000000	0.002922	0.000006	3.797270
1203.000000	0.002924	0.000006	3.797270
1204.000000	0.002926	0.000006	3.797270
1205.000000	0.002927	0.000006	3.797270
1206.000000	0.002929	0.000006	3.797270
1207.000000	0.002931	0.000006	3.797270
1208.000000	0.002933	0.000006	3.797270
1209.000000	0.002934	0.000006	3.797270
1210.000000	0.002936	0.000006	3.797270
1211.000000	0.002938	0.000006	3.797270
1212.000000	0.002939	0.000006	3.797270
1213.000000	0.002941	0.000006	3.797270
1214.000000	0.002942	0.000006	3.797270
1215.000000	0.002944	0.000006	3.797270
1216.000000	0.002946	0.000006	3.797270
1217.000000	0.002947	0.000006	3.797270
1218.000000	0.002949	0.000006	3.797270
1219.000000	0.002950	0.000006	3.797270
1220.000000	0.002952	0.000006	3.797270
1221.000000	0.002953	0.000006	3.797270
1222.000000	0.002955	0.000006	3.797270
1223.000000	0.002957	0.000006	3.797270
1224.000000	0.002958	0.000006	3.797270
1225.000000	0.002960	0.000006	3.797270
1226.000000	0.002962	0.000006	3.797270
1227.000000	0.002964	0.000007	3.797270
1228.000000	0.002966	0.000008	3.797270
1229.000000	0.002968	0.000008	3.797270
1230.000000	0.002971	0.000009	3.797270
1231.000000	0.002973	0.000008	3.797270
1232.000000	0.002975	0.000008	3.797270
1233.000000	0.002977	0.000007	3.797270
1234.000000	0.002979	0.000007	3.797270
1235.000000	0.002981	0.000007	3.797270
1236.000000	0.002984	0.000008	3.797270
1237.000000	0.002986	0.000008	3.797270
1238.000000	0.002988	0.000008	3.797270
1239.000000	0.002990	0.000007	3.797270
1240.000000	0.002992	0.000008	3.797270
1241.000000	0.002994	0.000008	3.797270
1242.000000	0.002997	0.000009	3.797270
1243.000000	0.002999	0.000009	3.797270
1244.000000	0.003002	0.000009	3.797270
1245.000000	0.003004	0.000009	3.797270
1246.000000	0.003006	0.000009	3.797270
1247.000000	0.003009	0.000009	3.797270
1248.000000	0.003011	0.000009	3.797270
1249.000000	0.003014	0.000008	3.797270
1250.000000	0.003016	0.000008	3.797270
1251.000000	0.003018	0.000009	3.797270
1252.000000	0.003021	0.000009	3.797270
1253.000000	0.003023	0.000009	3.797270
1254.000000	0.003026	0.000009	3.797270
1255.000000	0.003028	0.000009	3.797270
1256.000000	0.003030	0.000008	3.797270
1257.000000	0.003033	0.000008	3.797270
1258.000000	0.003035	0.000008	3.797270
1259.000000	0.003037	0.000009	3.797270
1260.000000	0.003040	0.000009	3.797270
1261.000000	0.003042	0.000009	3.797270
1262.000000	0.003045	0.000009	3.797270
1263.000000	0.003047	0.000009	3.797270
1264.000000	0.003049	0.000009	3.797270
1265.000000	0.003052	0.000009	3.797270
1266.000000	0.003054	0.000009	3.797270
1267.000000	0.003057	0.000009	3.797270
1268.000000	0.003059	0.000009	3.797270
1269.000000	0.003061	0.000009	3.797270
1270.000000	0.003064	0.000009	3.797270
1271.000000	0.003066	0.000009	3.797270
1272.000000	0.003069	0.000009	3.797270
1273.000000	0.003071	0.000009	3.797270
1274.000000	0.003074	0.000009	3.797270
1275.000000	0.003076	0.000010	3.797270
1276.000000	0.003079	0.000010	3.797270
1277.000000	0.003082	0.000009	3.797270
1278.000000	0.003084	0.000009	3.797270
1279.000000	0.003087	0.000009	3.797270
1280.000000	0.003089	0.000009	3.797270
1281.000000	0.003092	0.000009	3.797270
1282.000000	0.003095	0.000009	3.797270
1283.000000	0.003097	0.000009	3.797270
1284.000000	0.003100	0.000009	3.797270
1285.000000	0.003102	0.000009	3.797270
1286.000000	0.003105	0.000009	3.797270
1287.000000	0.003107	0.000009	3.797270
1288.000000	0.003110	0.000009	3.797270
1289.000000	0.003112	0.000009	3.797270
1290.000000	0.003115	0.000009	3.797270
1291.000000	0.003117	0.000009	3.797270
1292.000000	0.003120	0.000009	3.797270
1293.000000	0.003122	0.000009	3.797270
1294.000000	0.003125	0.000009	3.797270
1295.000000	0.003128	0.000009	3.797270
1296.000000	0.003130	0.000009	3.797270
1297.000000	0.003133	0.000009	3.797270
1298.000000	0.003135	0.000009	3.797270
1299.000000	0.003138	0.000009	3.797270
1300.000000	0.003141	0.000009	3.797270
1301.000000	0.003143	0.000009	3.797270
1302.000000	0.003146	0.000009	3.797270
1303.000000	0.003148	0.000009	3.797270
1304.000000	0.003151	0.000009	3.797270
1305.000000	0.003154	0.000009	3.797270
1306.000000	0.003156	0.000009	3.797270
1307.000000	0.003159	0.000009	3.797270
1308.000000	0.003161	0.000009	3.797270
1309.000000	0.003164	0.000009	3.797270
1310.000000	0.003167	0.000009	3.797270
1311.000000	0.003169	0.000009	3.797270
1312.000000	0.003172	0.000009	3.797270
1313.000000	0.003174	0.000009	3.797270
1314.000000	0.003177	0.000009	3.797270
1315.000000	0.003180	0.000009	3.797270
1316.000000	0.003182	0.000009	3.797270
1317.000000	0.003185	0.000009	3.797270
1318.000000	0.003187	0.000009	3.797270
1319.000000	0.003190	0.000009	3.797270
1320.000000	0.003192	0.000009	3.797270
1321.000000	0.003195	0.000009	3.797270
1322.000000	0.003197	0.000009	3.797270
1323.000000	0.003200	0.000009	3.797270
1324.000000	0.003203	0.000009	3.797270
1325.000000	0.003205	0.000009	3.797270
1326.000000	0.003208	0.000009	3.797270
1327.000000	0.003210	0.000009	3.797270
1328.000000	0.003213	0.000009	3.797270
1329.000000	0.003216	0.000009	3.797270
1330.000000	0.003218	0.000010	3.797270
1331.000000	0.003221	0.000010	3.797270
1332.000000	0.003224	0.000010	3.797270
1333.000000	0.003226	0.000010	3.797270
1334.000000	0.003229	0.000010	3.797270
1335.000000	0.003232	0.000010	3.797270
1336.000000	0.003235	0.000010	3.797270
1337.000000	0.003237	0.000010	3.797270
1338.000000	0.003240	0.000010	3.797270
1339.000000	0.003243	0.000010	3.797270
1340.000000	0.003246	0.000010	3.797270
1341.000000	0.003249	0.000010	3.797270
1342.000000	0.003252	0.000010	3.797270
1343.000000	0.003253	0.000007	3.797270
1344.000000	0.003255	0.000006	3.797270
1345.000000	0.003257	0.000007	3.797270
1346.000000	0.003259	0.000007	3.797270
1347.000000	0.003261	0.000006	3.797270
1348.000000	0.003262	0.000004	3.797270
1349.000000	0.003263	0.000003	3.797270
1350.000000	0.003264	0.000003	3.797270
1351.000000	0.003265	0.000003	3.797270
1352.000000	0.003266	0.000004	3.797270
1353.000000	0.003267	0.000004	3.797270
1354.000000	0.003268	0.000004	3.797270
1355.000000	0.003269	0.000004	3.797270
1356.000000	0.003270	0.000004	3.797270
1357.000000	0.003271	0.000004	3.797270
1358.000000	0.003272	0.000004	3.797270
1359.000000	0.003273	0.000004	3.797270
1360.000000	0.003274	0.000004	3.797270
1361.000000	0.003275	0.000004	3.797270
1362.000000	0.003276	0.000004	3.797270
1363.000000	0.003277	0.000004	3.797270
1364.000000	0.003278	0.000004	3.797270
1365.000000	0.003279	0.000004	3.797270
1366.000000	0.003280	0.000004	3.797270
1367.000000	0.003282	0.000004	3.797270
1368.000000	0.003283	0.000005	3.797270
1369.000000	0.003285	0.000005	3.797270
1370.000000	0.003286	0.000006	3.797270
1371.000000	0.003288	0.000006	3.797270
1372.000000	0.003289	0.000005	3.797270
1373.000000	0.003291	0.000005	3.797270
1374.000000	0.003292	0.000006	3.797270
1375.000000	0.003294	0.000006	3.797270
1376.000000	0.003295	0.000006	3.797270
1377.000000	0.003297	0.000006	3.797270
1378.000000	0.003298	0.000006	3.797270
1379.000000	0.003300	0.000006	3.797270
1380.000000	0.003302	0.000006	3.797270
1381.000000	0.003303	0.000006	3.797270
1382.000000	0.003305	0.000006	3.797270
1383.000000	0.003306	0.000006	3.797270
1384.000000	0.003308	0.000006	3.797270
1385.000000	0.003310	0.000006	3.797270
1386.000000	0.003311	0.000006	3.797270
1387.000000	0.003314	0.000008	3.797270
1388.000000	0.003316	0.000008	3.797270
1389.000000	0.003318	0.000008	3.797270
1390.000000	0.003320	0.000008	3.797270
1391.000000	0.003323	0.000008	3.797270
1392.000000	0.003325	0.000008	3.797270
1393.000000	0.003327	0.000008	3.797270
1394.000000	0.003329	0.000008	3.797270
1395.000000	0.003332	0.000008	3.797270
1396.000000	0.003334	0.000008	3.797270
1397.000000	0.003336	0.000008	3.797270
1398.000000	0.003339	0.000008	3.797270
1399.000000	0.003341	0.000008	3.797270
1400.000000	0.003343	0.000008	3.797270
1401.000000	0.003345	0.000008	3.797270
1402.000000	0.003348	0.000008	3.797270
1403.000000	0.003350	0.000007	3.797270
1404.000000	0.003352	0.000008	3.797270
1405.000000	0.003354	0.000008	3.797270
1406.000000	0.003356	0.000008	3.797270
1407.000000	0.003358	0.000008	3.797270
1408.000000	0.003361	0.000008	3.797270
1409.000000	0.003363	0.000008	3.797270
1410.000000	0.003365	0.000008	3.797270
1411.000000	0.003367	0.000008	3.797270
1412.000000	0.003369	0.000008	3.797270
1413.000000	0.003371	0.000008	3.797270
1414.000000	0.003374	0.000008	3.797270
1415.000000	0.003376	0.000008	3.797270
1416.000000	0.003378	0.000007	3.797270
1417.000000	0.003380	0.000007	3.797270
1418.000000	0.003382	0.000008	3.797270
1419.000000	0.003384	0.000007	3.797270
1420.000000	0.003386	0.000008	3.797270
1421.000000	0.003388	0.000008	3.797270
1422.000000	0.003390	0.000008	3.797270
1423.000000	0.003392	0.000008	3.797270
1424.000000	0.003395	0.000008	3.797270
1425.000000	0.003397	0.000008	3.797270
1426.000000	0.003399	0.000008	3.797270
1427.000000	0.003401	0.000008	3.797270
1428.000000	0.003404	0.000008	3.797270
1429.000000	0.003406	0.000008	3.797270
1430.000000	0.003408	0.000008	3.797270
1431.000000	0.003410	0.000008	3.797270
1432.000000	0.003412	0.000008	3.797270
1433.000000	0.003414	0.000008	3.797270
1434.000000	0.003417	0.000008	3.797270
1435.000000	0.003419	0.000008	3.797270
1436.000000	0.003421	0.000008	3.797270
1437.000000	0.003423	0.000008	3.797270
1438.000000	0.003426	0.000008	3.797270
1439.000000	0.003428	0.000008	3.797270
1440.000000	0.003430	0.000008	3.797270
1441.000000	0.003432	0.000008	3.797270
1442.000000	0.003434	0.000008	3.797270
1443.000000	0.003436	0.000008	3.797270
1444.000000	0.003439	0.000008	3.797270
1445.000000	0.003441	0.000008	3.797270
1446.000000	0.003443	0.000008	3.797270
1447.000000	0.003445	0.000008	3.797270
1448.000000	0.003447	0.000008	3.797270
1449.000000	0.003450	0.000008	3.797270
1450.000000	0.003452	0.000007	3.797270
1451.000000	0.003454	0.000007	3.797270
1452.000000	0.003456	0.000008	3.797270
1453.000000	0.003458	0.000008	3.797270
1454.000000	0.003461	0.000008	3.797270
1455.000000	0.003463	0.000008	3.797270
1456.000000	0.003465	0.000008	3.797270
1457.000000	0.003467	0.000008	3.797270
1458.000000	0.003469	0.000008	3.797270
1459.000000	0.003472	0.000008	3.797270
1460.000000	0.003474	0.000008	3.797270
1461.000000	0.003476	0.000008	3.797270
1462.000000	0.003478	0.000008	3.797270
1463.000000	0.003480	0.000008	3.797270
1464.000000	0.003483	0.000008	3.797270
1465.000000	0.003485	0.000008	3.797270
1466.000000	0.003487	0.000008	3.797270
1467.000000	0.003489	0.000008	3.797270
1468.000000	0.003492	0.000008	3.797270
1469.000000	0.003494	0.000009	3.797270
1470.000000	0.003496	0.000009	3.797270
1471.000000	0.003499	0.000009	3.797270
1472.000000	0.003501	0.000009	3.797270
1473.000000	0.003504	0.000009	3.797270
1474.000000	0.003506	0.000008	3.797270
1475.000000	0.003508	0.000008	3.797270
1476.000000	0.003511	0.000008	3.797270
1477.000000	0.003513	0.000009	3.797270
1478.000000	0.003516	0.000009	3.797270
1479.000000	0.003518	0.000009	3.797270
1480.000000	0.003520	0.000009	3.797270
1481.000000	0.003523	0.000009	3.797270
1482.000000	0.003525	0.000009	3.797270
1483.000000	0.003528	0.000009	3.797270
1484.000000	0.003530	0.000009	3.797270
1485.000000	0.003533	0.000009	3.797270
1486.000000	0.003535	0.000009	3.797270
1487.000000	0.003537	0.000009	3.797270
1488.000000	0.003540	0.000009	3.797270
1489.000000	0.003542	0.000009	3.797270
1490.000000	0.003545	0.000009	3.797270
1491.000000	0.003547	0.000009	3.797270
1492.000000	0.003550	0.000009	3.797270
1493.000000	0.003552	0.000009	3.797270
1494.000000	0.003554	0.000009	3.797270
1495.000000	0.003557	0.000009	3.797270
1496.000000	0.003560	0.000009	3.797270
1497.000000	0.003562	0.000009	3.797270
1498.000000	0.003564	0.000009	3.797270
1499.000000	0.003567	0.000009	3.797270
1500.000000	0.003569	0.000009	3.797270
1501.000000	0.003572	0.000009	3.797270
1502.000000	0.003574	0.000009	3.797270
1503.000000	0.003577	0.000009	3.797270
1504.000000	0.003579	0.000009	3.797270
1505.000000	0.003582	0.000009	3.797270
1506.000000	0.003584	0.000009	3.797270
1507.000000	0.003587	0.000009	3.797270
1508.000000	0.003589	0.000009	3.797270
1509.000000	0.003592	0.000009	3.797270
1510.000000	0.003594	0.000009	3.797270
1511.000000	0.003597	0.000009	3.797270
1512.000000	0.003599	0.000009	3.797270
1513.000000	0.003602	0.000009	3.797270
1514.000000	0.003604	0.000009	3.797270
1515.000000	0.003607	0.000009	3.797270
1516.000000	0.003609	0.000009	3.797270
1517.000000	0.003611	0.000009	3.797270
1518.000000	0.003614	0.000009	3.797270
1519.000000	0.003616	0.000009	3.797270
1520.000000	0.003619	0.000009	3.797270
1521.000000	0.003621	0.000009	3.797270
1522.000000	0.003624	0.000009	3.797270
1523.000000	0.003626	0.000009	3.797270
1524.000000	0.003629	0.000009	3.797270
1525.000000	0.003631	0.000009	3.797270
1526.000000	0.003634	0.000009	3.797270
1527.000000	0.003636	0.000009	3.797270
1528.000000	0.003639	0.000009	3.797270
1529.000000	0.003641	0.000009	3.797270
1530.000000	0.003644	0.000009	3.797270
1531.000000	0.003646	0.000009	3.797270
1532.000000	0.003649	0.000009	3.797270
1533.000000	0.003651	0.000009	3.797270
1534.000000	0.003654	0.000009	3.797270
1535.000000	0.003656	0.000009	3.797270
1536.000000	0.003659	0.000009	3.797270
1537.000000	0.003661	0.000009	3.797270
1538.000000	0.003664	0.000009	3.797270
1539.000000	0.003666	0.000009	3.797270
1540.000000	0.003669	0.000009	3.797270
1541.000000	0.003671	0.000009	3.797270
1542.000000	0.003674	0.000009	3.797270
1543.000000	0.003676	0.000009	3.797270
1544.000000	0.003679	0.000009	3.797270
1545.000000	0.003681	0.000009	3.797270
1546.000000	0.003684	0.000009	3.797270
1547.000000	0.003686	0.000009	3.797270
1548.000000	0.003689	0.000009	3.797270
1549.000000	0.003691	0.000009	3.797270
1550.000000	0.003693	0.000009	3.797270
1551.000000	0.003696	0.000009	3.797270
1552.000000	0.003698	0.000008	3.797270
1553.000000	0.003700	0.000008	3.797270
1554.000000	0.003703	0.000008	3.797270
1555.000000	0.003705	0.000008	3.797270
1556.000000	0.003707	0.000008	3.797270
1557.000000	0.003709	0.000008	3.797270
1558.000000	0.003711	0.000008	3.797270
1559.000000	0.003714	0.000008	3.797270
1560.000000	0.003716	0.000009	3.797270
1561.000000	0.003718	0.000009	3.797270
1562.000000	0.003721	0.000008	3.797270
1563.000000	0.003723	0.000008	3.797270
1564.000000	0.003725	0.000008	3.797270
1565.000000	0.003728	0.000009	3.797270
1566.000000	0.003730	0.000008	3.797270
1567.000000	0.003732	0.000008	3.797270
1568.000000	0.003735	0.000009	3.797270
1569.000000	0.003737	0.000009	3.797270
1570.000000	0.003740	0.000009	3.797270
1571.000000	0.003742	0.000008	3.797270
1572.000000	0.003744	0.000008	3.797270
1573.000000	0.003747	0.000009	3.797270
1574.000000	0.003749	0.000009	3.797270
1575.000000	0.003752	0.000009	3.797270
1576.000000	0.003754	0.000008	3.797270
1577.000000	0.003756	0.000008	3.797270
1578.000000	0.003758	0.000008	3.797270
1579.000000	0.003761	0.000009	3.797270
1580.000000	0.003763	0.000009	3.797270
1581.000000	0.003766	0.000009	3.797270
1582.000000	0.003768	0.000009	3.797270
1583.000000	0.003771	0.000009	3.797270
1584.000000	0.003773	0.000009	3.797270
1585.000000	0.003775	0.000009	3.797270
1586.000000	0.003778	0.000009	3.797270
1587.000000	0.003780	0.000008	3.797270
1588.000000	0.003783	0.000009	3.797270
1589.000000	0.003785	0.000009	3.797270
1590.000000	0.003788	0.000009	3.797270
1591.000000	0.003790	0.000009	3.797270
1592.000000	0.003793	0.000009	3.797270
1593.000000	0.003795	0.000009	3.797270
1594.000000	0.003798	0.000010	3.797270
1595.000000	0.003801	0.000009	3.797270
1596.000000	0.003803	0.000009	3.797270
1597.000000	0.003806	0.000009	3.797270
1598.000000	0.003808	0.000009	3.797270
1599.000000	0.003811	0.000009	3.797270
1600.000000	0.003813	0.000009	3.797270
1601.000000	0.003816	0.000009	3.797270
1602.000000	0.003818	0.000009	3.797270
1603.000000	0.003821	0.000009	3.797270
1604.000000	0.003824	0.000009	3.797270
1605.000000	0.003826	0.000009	3.797270
1606.000000	0.003829	0.000009	3.797270
1607.000000	0.003831	0.000009	3.797270
1608.000000	0.003834	0.000009	3.797270
1609.000000	0.003836	0.000009	3.797270
1610.000000	0.003839	0.000010	3.797270
1611.000000	0.003841	0.000009	3.797270
1612.000000	0.003844	0.000009	3.797270
1613.000000	0.003847	0.000010	3.797270
1614.000000	0.003849	0.000010	3.797270
1615.000000	0.003852	0.000009	3.797270
1616.000000	0.003855	0.000009	3.797270
1617.000000	0.003857	0.000009	3.797270
1618.000000	0.003860	0.000010	3.797270
1619.000000	0.003863	0.000010	3.797270
1620.000000	0.003865	0.000010	3.797270
1621.000000	0.003867	0.000008	3.797270
1622.000000	0.003870	0.000009	3.797270
1623.000000	0.003872	0.000009	3.797270
1624.000000	0.003875	0.000008	3.797270
1625.000000	0.003877	0.000009	3.797270
1626.000000	0.003880	0.000009	3.797270
1627.000000	0.003882	0.000009	3.797270
1628.000000	0.003885	0.000009	3.797270
1629.000000	0.003887	0.000009	3.797270
1630.000000	0.003890	0.000010	3.797270
1631.000000	0.003892	0.000010	3.797270
1632.000000	0.003895	0.000010	3.797270
1633.000000	0.003898	0.000010	3.797270
1634.000000	0.003900	0.000009	3.797270
1635.000000	0.003903	0.000009	3.797270
1636.000000	0.003905	0.000010	3.797270
1637.000000	0.003908	0.000009	3.797270
1638.000000	0.003911	0.000009	3.797270
1639.000000	0.003913	0.000010	3.797270
1640.000000	0.003916	0.000010	3.797270
1641.000000	0.003919	0.000009	3.797270
1642.000000	0.003921	0.000008	3.797270
1643.000000	0.003923	0.000008	3.797270
1644.000000	0.003925	0.000009	3.797270
1645.000000	0.003928	0.000009	3.797270
1646.000000	0.003931	0.000010	3.797270
1647.000000	0.003933	0.000010	3.797270
1648.000000	0.003936	0.000010	3.797270
1649.000000	0.003938	0.000009	3.797270
1650.000000	0.003941	0.000010	3.797270
1651.000000	0.003944	0.000010	3.797270
1652.000000	0.003946	0.000009	3.797270
1653.000000	0.003949	0.000010	3.797270
1654.000000	0.003952	0.000009	3.797270
1655.000000	0.003954	0.000009	3.797270
1656.000000	0.003957	0.000010	3.797270
1657.000000	0.003960	0.000010	3.797270
1658.000000	0.003962	0.000009	3.797270
1659.000000	0.003965	0.000009	3.797270
1660.000000	0.003967	0.000010	3.797270
1661.000000	0.003970	0.000010	3.797270
1662.000000	0.003973	0.000009	3.797270
1663.000000	0.003975	0.000009	3.797270
1664.000000	0.003978	0.000009	3.797270
1665.000000	0.003980	0.000009	3.797270
1666.000000	0.003983	0.000009	3.797270
1667.000000	0.003985	0.000009	3.797270
1668.000000	0.003988	0.000009	3.797270
1669.000000	0.003990	0.000009	3.797270
1670.000000	0.003993	0.000010	3.797270
1671.000000	0.003996	0.000010	3.797270
1672.000000	0.003998	0.000010	3.797270
1673.000000	0.004001	0.000010	3.797270
1674.000000	0.004004	0.000009	3.797270
1675.000000	0.004006	0.000009	3.797270
1676.000000	0.004009	0.000009	3.797270
1677.000000	0.004011	0.000009	3.797270
1678.000000	0.004014	0.000009	3.797270
1679.000000	0.004016	0.000009	3.797270
1680.000000	0.004019	0.000009	3.797270
1681.000000	0.004021	0.000009	3.797270
1682.000000	0.004024	0.000009	3.797270
1683.000000	0.004026	0.000009	3.797270
1684.000000	0.004029	0.000009	3.797270
1685.000000	0.004032	0.000009	3.797270
1686.000000	0.004034	0.000009	3.797270
1687.000000	0.004036	0.000008	3.797270
1688.000000	0.004039	0.000010	3.797270
1689.000000	0.004041	0.000009	3.797270
1690.000000	0.004044	0.000009	3.797270
1691.000000	0.004047	0.000009	3.797270
1692.000000	0.004049	0.000009	3.797270
1693.000000	0.004051	0.000007	3.797270
1694.000000	0.004054	0.000010	3.797270
1695.000000	0.004057	0.000009	3.797270
1696.000000	0.004059	0.000010	3.797270
1697.000000	0.004062	0.000010	3.797270
1698.000000	0.004064	0.000010	3.797270
1699.000000	0.004067	0.000009	3.797270
1700.000000	0.004070	0.000010	3.797270
1701.000000	0.004072	0.000010	3.797270
1702.000000	0.004075	0.000009	3.797270
1703.000000	0.004078	0.000009	3.797270
1704.000000	0.004080	0.000009	3.797270
1705.000000	0.004083	0.000009	3.797270
1706.000000	0.004085	0.000009	3.797270
1707.000000	0.004088	0.000010	3.797270
1708.000000	0.004091	0.000010	3.797270
1709.000000	0.004093	0.000010	3.797270
1710.000000	0.004096	0.000009	3.797270
1711.000000	0.004098	0.000009	3.797270
1712.000000	0.004101	0.000009	3.797270
1713.000000	0.004103	0.000009	3.797270
1714.000000	0.004106	0.000009	3.797270
1715.000000	0.004109	0.000009	3.797270
1716.000000	0.004111	0.000009	3.797270
1717.000000	0.004114	0.000009	3.797270
1718.000000	0.004116	0.000009	3.797270
1719.000000	0.004119	0.000009	3.797270
1720.000000	0.004121	0.000009	3.797270
1721.000000	0.004124	0.000009	3.797270
1722.000000	0.004127	0.000009	3.797270
1723.000000	0.004129	0.000009	3.797270
1724.000000	0.004132	0.000009	3.797270
1725.000000	0.004134	0.000009	3.797270
1726.000000	0.004137	0.000010	3.797270
1727.000000	0.004140	0.000010	3.797270
1728.000000	0.004142	0.000010	3.797270
1729.000000	0.004145	0.000010	3.797270
1730.000000	0.004148	0.000010	3.797270
1731.000000	0.004150	0.000010	3.797270
1732.000000	0.004153	0.000010	3.797270
1733.000000	0.004156	0.000010	3.797270
1734.000000	0.004159	0.000010	3.797270
1735.000000	0.004161	0.000010	3.797270
1736.000000	0.004164	0.000010	3.797270
1737.000000	0.004167	0.000010	3.797270
1738.000000	0.004169	0.000010	3.797270
1739.000000	0.004172	0.000009	3.797270
1740.000000	0.004175	0.000010	3.797270
1741.000000	0.004177	0.000010	3.797270
1742.000000	0.004180	0.000010	3.797270
1743.000000	0.004183	0.000010	3.797270
1744.000000	0.004185	0.000010	3.797270
1745.000000	0.004188	0.000010	3.797270
1746.000000	0.004190	0.000009	3.797270
1747.000000	0.004193	0.000010	3.797270
1748.000000	0.004196	0.000010	3.797270
1749.000000	0.004199	0.000010	3.797270
1750.000000	0.004201	0.000010	3.797270
1751.000000	0.004204	0.000010	3.797270
1752.000000	0.004207	0.000010	3.797270
1753.000000	0.004209	0.000009	3.797270
1754.000000	0.004211	0.000008	3.797270
1755.000000	0.004213	0.000007	3.797270
1756.000000	0.004215	0.000007	3.797270
1757.000000	0.004217	0.000007	3.797270
1758.000000	0.004219	0.000007	3.797270
1759.000000	0.004221	0.000007	3.797270
1760.000000	0.004222	0.000007	3.797270
1761.000000	0.004224	0.000007	3.797270
1762.000000	0.004226	0.000007	3.797270
1763.000000	0.004228	0.000007	3.797270
1764.000000	0.004230	0.000007	3.797270
1765.000000	0.004232	0.000007	3.797270
1766.000000	0.004233	0.000007	3.797270
1767.000000	0.004235	0.000007	3.797270
1768.000000	0.004237	0.000007	3.797270
1769.000000	0.004239	0.000009	3.797270
1770.000000	0.004242	0.000010	3.797270
1771.000000	0.004245	0.000010	3.797270
1772.000000	0.004248	0.000010	3.797270
1773.000000	0.004250	0.000009	3.797270
1774.000000	0.004253	0.000008	3.797270
1775.000000	0.004255	0.000008	3.797270
1776.000000	0.004257	0.000008	3.797270
1777.000000	0.004259	0.000008	3.797270
1778.000000	0.004262	0.000009	3.797270
1779.000000	0.004264	0.000009	3.797270
1780.000000	0.004267	0.000009	3.797270
1781.000000	0.004270	0.000009	3.797270
1782.000000	0.004272	0.000009	3.797270
1783.000000	0.004275	0.000009	3.797270
1784.000000	0.004277	0.000009	3.797270
1785.000000	0.004280	0.000009	3.797270
1786.000000	0.004282	0.000009	3.797270
1787.000000	0.004285	0.000010	3.797270
1788.000000	0.004288	0.000010	3.797270
1789.000000	0.004291	0.000010	3.797270
1790.000000	0.004293	0.000010	3.797270
1791.000000	0.004296	0.000010	3.797270
1792.000000	0.004299	0.000009	3.797270
1793.000000	0.004301	0.000009	3.797270
1794.000000	0.004304	0.000010	3.797270
1795.000000	0.004306	0.000010	3.797270
1796.000000	0.004309	0.000010	3.797270
1797.000000	0.004312	0.000010	3.797270
1798.000000	0.004315	0.000010	3.797270
1799.000000	0.004318	0.000011	3.797270
1800.000000	0.004321	0.000010	3.797270
1801.000000	0.004323	0.000010	3.797270
1802.000000	0.004326	0.000010	3.797270
1803.000000	0.004329	0.000010	3.797270
1804.000000	0.004332	0.000010	3.797270
1805.000000	0.004335	0.000010	3.797270
1806.000000	0.004338	0.000011	3.797270
1807.000000	0.004341	0.000011	3.797270
1808.000000	0.004344	0.000011	3.797270
1809.000000	0.004347	0.000011	3.797270
1810.000000	0.004350	0.000011	3.797270
1811.000000	0.004352	0.000006	3.797270
1812.000000	0.004353	0.000006	3.797270
1813.000000	0.004355	0.000006	3.797270
1814.000000	0.004357	0.000006	3.797270
1815.000000	0.004359	0.000007	3.797270
1816.000000	0.004360	0.000007	3.797270
1817.000000	0.004362	0.000007	3.797270
1818.000000	0.004365	0.000007	3.797270
1819.000000	0.004367	0.000008	3.797270
1820.000000	0.004369	0.000008	3.797270
1821.000000	0.004371	0.000008	3.797270
1822.000000	0.004373	0.000008	3.797270
1823.000000	0.004375	0.000008	3.797270
1824.000000	0.004378	0.000008	3.797270
1825.000000	0.004380	0.000008	3.797270
1826.000000	0.004382	0.000008	3.797270
1827.000000	0.004384	0.000009	3.797270
1828.000000	0.004387	0.000008	3.797270
1829.000000	0.004389	0.000010	3.797270
1830.000000	0.004392	0.000010	3.797270
1831.000000	0.004395	0.000011	3.797270
1832.000000	0.004398	0.000011	3.797270
1833.000000	0.004401	0.000011	3.797270
1834.000000	0.004404	0.000011	3.797270
1835.000000	0.004407	0.000010	3.797270
1836.000000	0.004410	0.000010	3.797270
1837.000000	0.004413	0.000010	3.797270
1838.000000	0.004415	0.000010	3.797270
1839.000000	0.004418	0.000010	3.797270
1840.000000	0.004421	0.000009	3.797270
1841.000000	0.004424	0.000010	3.797270
1842.000000	0.004427	0.000011	3.797270
1843.000000	0.004430	0.000011	3.797270
1844.000000	0.004432	0.000008	3.797270
1845.000000	0.004433	0.000006	3.797270
1846.000000	0.004435	0.000006	3.797270
1847.000000	0.004437	0.000006	3.797270
1848.000000	0.004439	0.000006	3.797270
1849.000000	0.004440	0.000006	3.797270
1850.000000	0.004442	0.000006	3.797270
1851.000000	0.004444	0.000006	3.797270
1852.000000	0.004446	0.000006	3.797270
1853.000000	0.004447	0.000006	3.797270
1854.000000	0.004449	0.000006	3.797270
1855.000000	0.004451	0.000007	3.797270
1856.000000	0.004453	0.000007	3.797270
1857.000000	0.004455	0.000008	3.797270
1858.000000	0.004458	0.000009	3.797270
1859.000000	0.004461	0.000011	3.797270
1860.000000	0.004463	0.000008	3.797270
1861.000000	0.004466	0.000012	3.797270
1862.000000	0.004469	0.000008	3.797270
1863.000000	0.004471	0.000009	3.797270
1864.000000	0.004474	0.000009	3.797270
1865.000000	0.004476	0.000009	3.797270
1866.000000	0.004479	0.000009	3.797270
1867.000000	0.004482	0.000010	3.797270
1868.000000	0.004484	0.000010	3.797270
1869.000000	0.004486	0.000008	3.797270
1870.000000	0.004489	0.000009	3.797270
1871.000000	0.004492	0.000010	3.797270
1872.000000	0.004494	0.000010	3.797270
1873.000000	0.004497	0.000009	3.797270
1874.000000	0.004499	0.000009	3.797270
1875.000000	0.004502	0.000010	3.797270
1876.000000	0.004505	0.000009	3.797270
1877.000000	0.004507	0.000009	3.797270
1878.000000	0.004510	0.000009	3.797270
1879.000000	0.004513	0.000009	3.797270
1880.000000	0.004515	0.000010	3.797270
1881.000000	0.004518	0.000009	3.797270
1882.000000	0.004520	0.000010	3.797270
1883.000000	0.004523	0.000010	3.797270
1884.000000	0.004526	0.000010	3.797270
1885.000000	0.004529	0.000010	3.797270
1886.000000	0.004531	0.000010	3.797270
1887.000000	0.004534	0.000010	3.797270
1888.000000	0.004537	0.000010	3.797270
1889.000000	0.004540	0.000010	3.797270
1890.000000	0.004543	0.000010	3.797270
1891.000000	0.004545	0.000010	3.797270
1892.000000	0.004548	0.000010	3.797270
1893.000000	0.004551	0.000010	3.797270
1894.000000	0.004553	0.000008	3.797270
1895.000000	0.004556	0.000010	3.797270
1896.000000	0.004559	0.000010	3.797270
1897.000000	0.004561	0.000010	3.797270
1898.000000	0.004564	0.000010	3.797270
1899.000000	0.004567	0.000010	3.797270
1900.000000	0.004570	0.000010	3.797270
1901.000000	0.004573	0.000010	3.797270
1902.000000	0.004575	0.000010	3.797270
1903.000000	0.004578	0.000010	3.797270
1904.000000	0.004581	0.000010	3.797270
1905.000000	0.004584	0.000010	3.797270
1906.000000	0.004586	0.000010	3.797270
1907.000000	0.004589	0.000010	3.797270
1908.000000	0.004591	0.000009	3.797270
1909.000000	0.004594	0.000010	3.797270
1910.000000	0.004597	0.000010	3.797270
1911.000000	0.004600	0.000011	3.797270
1912.000000	0.004603	0.000010	3.797270
1913.000000	0.004606	0.000011	3.797270
1914.000000	0.004609	0.000011	3.797270
1915.000000	0.004611	0.000010	3.797270
1916.000000	0.004614	0.000009	3.797270
1917.000000	0.004616	0.000009	3.797270
1918.000000	0.004619	0.000008	3.797270
1919.000000	0.004620	0.000006	3.797270
1920.000000	0.004622	0.000006	3.797270
1921.000000	0.004624	0.000007	3.797270
1922.000000	0.004627	0.000009	3.797270
1923.000000	0.004629	0.000009	3.797270
1924.000000	0.004632	0.000009	3.797270
1925.000000	0.004634	0.000009	3.797270
1926.000000	0.004637	0.000009	3.797270
1927.000000	0.004639	0.000009	3.797270
1928.000000	0.004642	0.000009	3.797270
1929.000000	0.004644	0.000009	3.797270
1930.000000	0.004647	0.000009	3.797270
1931.000000	0.004649	0.000009	3.797270
1932.000000	0.004652	0.000009	3.797270
1933.000000	0.004654	0.000009	3.797270
1934.000000	0.004656	0.000009	3.797270
1935.000000	0.004659	0.000009	3.797270
1936.000000	0.004661	0.000009	3.797270
1937.000000	0.004664	0.000009	3.797270
1938.000000	0.004667	0.000009	3.797270
1939.000000	0.004669	0.000009	3.797270
1940.000000	0.004672	0.000009	3.797270
1941.000000	0.004674	0.000009	3.797270
1942.000000	0.004677	0.000009	3.797270
1943.000000	0.004679	0.000009	3.797270
1944.000000	0.004682	0.000009	3.797270
1945.000000	0.004684	0.000009	3.797270
1946.000000	0.004687	0.000009	3.797270
1947.000000	0.004689	0.000009	3.797270
1948.000000	0.004692	0.000010	3.797270
1949.000000	0.004695	0.000009	3.797270
1950.000000	0.004697	0.000009	3.797270
1951.000000	0.004700	0.000009	3.797270
1952.000000	0.004702	0.000009	3.797270
1953.000000	0.004705	0.000009	3.797270
1954.000000	0.004708	0.000009	3.797270
1955.000000	0.004710	0.000009	3.797270
1956.000000	0.004713	0.000009	3.797270
1957.000000	0.004715	0.000009	3.797270
1958.000000	0.004718	0.000009	3.797270
1959.000000	0.004721	0.000009	3.797270
1960.000000	0.004723	0.000009	3.797270
1961.000000	0.004726	0.000009	3.797270
1962.000000	0.004728	0.000009	3.797270
1963.000000	0.004731	0.000009	3.797270
1964.000000	0.004734	0.000009	3.797270
1965.000000	0.004736	0.000009	3.797270
1966.000000	0.004739	0.000009	3.797270
1967.000000	0.004741	0.000009	3.797270
1968.000000	0.004744	0.000010	3.797270
1969.000000	0.004747	0.000010	3.797270
1970.000000	0.004749	0.000010	3.797270
1971.000000	0.004752	0.000010	3.797270
1972.000000	0.004755	0.000010	3.797270
1973.000000	0.004757	0.000010	3.797270
1974.000000	0.004760	0.000010	3.797270
1975.000000	0.004763	0.000010	3.797270
1976.000000	0.004766	0.000010	3.797270
1977.000000	0.004768	0.000010	3.797270
1978.000000	0.004771	0.000010	3.797270
1979.000000	0.004774	0.000010	3.797270
1980.000000	0.004776	0.000010	3.797270
1981.000000	0.004779	0.000010	3.797270
1982.000000	0.004782	0.000010	3.797270
1983.000000	0.004784	0.000010	3.797270
1984.000000	0.004787	0.000010	3.797270
1985.000000	0.004789	0.000010	3.797270
1986.000000	0.004792	0.000010	3.797270
1987.000000	0.004795	0.000010	3.797270
1988.000000	0.004798	0.000010	3.797270
1989.000000	0.004800	0.000010	3.797270
1990.000000	0.004803	0.000010	3.797270
1991.000000	0.004806	0.000010	3.797270
1992.000000	0.004808	0.000010	3.797270
1993.000000	0.004811	0.000010	3.797270
1994.000000	0.004814	0.000010	3.797270
1995.000000	0.004816	0.000010	3.797270
1996.000000	0.004819	0.000010	3.797270
1997.000000	0.004822	0.000010	3.797270
1998.000000	0.004824	0.000010	3.797270
1999.000000	0.004827	0.000010	3.797270
2000.000000	0.004830	0.000010	3.797270
2001.000000	0.004832	0.000010	3.797270
2002.000000	0.004835	0.000010	3.797270
2003.000000	0.004838	0.000010	3.797270
2004.000000	0.004841	0.000010	3.797270
2005.000000	0.004843	0.000010	3.797270
2006.000000	0.004846	0.000010	3.797270
2007.000000	0.004849	0.000010	3.797270
2008.000000	0.004851	0.000010	3.797270
2009.000000	0.004854	0.000010	3.797270
2010.000000	0.004857	0.000010	3.797270
2011.000000	0.004860	0.000010	3.797270
2012.000000	0.004862	0.000010	3.797270
2013.000000	0.004865	0.000010	3.797270
2014.000000	0.004868	0.000010	3.797270
2015.000000	0.004870	0.000010	3.797270
2016.000000	0.004873	0.000010	3.797270
2017.000000	0.004876	0.000010	3.797270
2018.000000	0.004879	0.000010	3.797270
2019.000000	0.004881	0.000010	3.797270
2020.000000	0.004884	0.000010	3.797270
2021.000000	0.004887	0.000010	3.797270
2022.000000	0.004889	0.000010	3.797270
2023.000000	0.004892	0.000010	3.797270
2024.000000	0.004895	0.000010	3.797270
2025.000000	0.004898	0.000010	3.797270
2026.000000	0.004900	0.000010	3.797270
2027.000000	0.004903	0.000009	3.797270
2028.000000	0.004905	0.000009	3.797270
2029.000000	0.004908	0.000009	3.797270
2030.000000	0.004911	0.000010	3.797270
2031.000000	0.004913	0.000010	3.797270
2032.000000	0.004916	0.000009	3.797270
2033.000000	0.004918	0.000009	3.797270
2034.000000	0.004921	0.000008	3.797270
2035.000000	0.004923	0.000008	3.797270
2036.000000	0.004926	0.000010	3.797270
2037.000000	0.004928	0.000008	3.797270
2038.000000	0.004930	0.000009	3.797270
2039.000000	0.004933	0.000008	3.797270
2040.000000	0.004935	0.000008	3.797270
2041.000000	0.004937	0.000008	3.797270
2042.000000	0.004939	0.000008	3.797270
2043.000000	0.004942	0.000010	3.797270
2044.000000	0.004945	0.000010	3.797270
2045.000000	0.004947	0.000009	3.797270
2046.000000	0.004950	0.000009	3.797270
2047.000000	0.004952	0.000009	3.797270
2048.000000	0.004955	0.000009	3.797270
2049.000000	0.004957	0.000008	3.797270
2050.000000	0.004960	0.000009	3.797270
2051.000000	0.004962	0.000010	3.797270
2052.000000	0.004965	0.000009	3.797270
2053.000000	0.004968	0.000009	3.797270
2054.000000	0.004970	0.000009	3.797270
2055.000000	0.004973	0.000010	3.797270
2056.000000	0.004975	0.000010	3.797270
2057.000000	0.004978	0.000010	3.797270
2058.000000	0.004981	0.000010	3.797270
2059.000000	0.004983	0.000010	3.797270
2060.000000	0.004986	0.000009	3.797270
2061.000000	0.004989	0.000009	3.797270
2062.000000	0.004991	0.000009	3.797270
2063.000000	0.004994	0.000009	3.797270
2064.000000	0.004996	0.000009	3.797270
2065.000000	0.004999	0.000009	3.797270
2066.000000	0.005001	0.000009	3.797270
2067.000000	0.005004	0.000009	3.797270
2068.000000	0.005006	0.000009	3.797270
2069.000000	0.005009	0.000009	3.797270
2070.000000	0.005011	0.000009	3.797270
2071.000000	0.005014	0.000009	3.797270
2072.000000	0.005016	0.000009	3.797270
2073.000000	0.005019	0.000009	3.797270
2074.000000	0.005022	0.000009	3.797270
2075.000000	0.005024	0.000009	3.797270
2076.000000	0.005026	0.000009	3.797270
2077.000000	0.005029	0.000009	3.797270
2078.000000	0.005032	0.000010	3.797270
2079.000000	0.005034	0.000009	3.797270
2080.000000	0.005037	0.000009	3.797270
2081.000000	0.005039	0.000009	3.797270
2082.000000	0.005042	0.000009	3.797270
2083.000000	0.005044	0.000009	3.797270
2084.000000	0.005047	0.000009	3.797270
2085.000000	0.005050	0.000009	3.797270
2086.000000	0.005052	0.000009	3.797270
2087.000000	0.005055	0.000009	3.797270
2088.000000	0.005057	0.000009	3.797270
2089.000000	0.005060	0.000009	3.797270
2090.000000	0.005062	0.000009	3.797270
2091.000000	0.005065	0.000009	3.797270
2092.000000	0.005067	0.000009	3.797270
2093.000000	0.005070	0.000009	3.797270
2094.000000	0.005072	0.000009	3.797270
2095.000000	0.005075	0.000009	3.797270
2096.000000	0.005078	0.000010	3.797270
2097.000000	0.005080	0.000010	3.797270
2098.000000	0.005083	0.000010	3.797270
2099.000000	0.005086	0.000010	3.797270
2100.000000	0.005088	0.000009	3.797270
2101.000000	0.005091	0.000009	3.797270
2102.000000	0.005093	0.000008	3.797270
2103.000000	0.005096	0.000010	3.797270
2104.000000	0.005098	0.000008	3.797270
2105.000000	0.005100	0.000008	3.797270
2106.000000	0.005102	0.000008	3.797270
2107.000000	0.005104	0.000008	3.797270
2108.000000	0.005106	0.000007	3.797270
2109.000000	0.005108	0.000008	3.797270
2110.000000	0.005110	0.000007	3.797270
2111.000000	0.005112	0.000007	3.797270
2112.000000	0.005114	0.000007	3.797270
2113.000000	0.005116	0.000007	3.797270
2114.000000	0.005118	0.000007	3.797270
2115.000000	0.005120	0.000007	3.797270
2116.000000	0.005122	0.000007	3.797270
2117.000000	0.005124	0.000007	3.797270
2118.000000	0.005126	0.000007	3.797270
2119.000000	0.005128	0.000008	3.797270
2120.000000	0.005131	0.000011	3.797270
2121.000000	0.005134	0.000010	3.797270
2122.000000	0.005136	0.000008	3.797270
2123.000000	0.005139	0.000010	3.797270
2124.000000	0.005141	0.000009	3.797270
2125.000000	0.005144	0.000010	3.797270
2126.000000	0.005146	0.000010	3.797270
2127.000000	0.005149	0.000010	3.797270
2128.000000	0.005152	0.000010	3.797270
2129.000000	0.005154	0.000010	3.797270
2130.000000	0.005157	0.000009	3.797270
2131.000000	0.005159	0.000009	3.797270
2132.000000	0.005162	0.000009	3.797270
2133.000000	0.005164	0.000009	3.797270
2134.000000	0.005167	0.000009	3.797270
2135.000000	0.005170	0.000009	3.797270
2136.000000	0.005172	0.000009	3.797270
2137.000000	0.005175	0.000009	3.797270
2138.000000	0.005177	0.000009	3.797270
2139.000000	0.005179	0.000008	3.797270
2140.000000	0.005182	0.000009	3.797270
2141.000000	0.005185	0.000010	3.797270
2142.000000	0.005187	0.000009	3.797270
2143.000000	0.005190	0.000010	3.797270
2144.000000	0.005193	0.000010	3.797270
2145.000000	0.005195	0.000010	3.797270
2146.000000	0.005198	0.000010	3.797270
2147.000000	0.005201	0.000010	3.797270
2148.000000	0.005204	0.000010	3.797270
2149.000000	0.005206	0.000010	3.797270
2150.000000	0.005209	0.000010	3.797270
2151.000000	0.005212	0.000010	3.797270
2152.000000	0.005215	0.000010	3.797270
2153.000000	0.005217	0.000009	3.797270
2154.000000	0.005220	0.000009	3.797270
2155.000000	0.005222	0.000009	3.797270
2156.000000	0.005225	0.000009	3.797270
2157.000000	0.005227	0.000008	3.797270
2158.000000	0.005229	0.000009	3.797270
2159.000000	0.005232	0.000009	3.797270
2160.000000	0.005234	0.000009	3.797270
2161.000000	0.005237	0.000009	3.797270
2162.000000	0.005239	0.000009	3.797270
2163.000000	0.005242	0.000009	3.797270
2164.000000	0.005245	0.000009	3.797270
2165.000000	0.005247	0.000009	3.797270
2166.000000	0.005250	0.000009	3.797270
2167.000000	0.005252	0.000009	3.797270
2168.000000	0.005254	0.000009	3.797270
2169.000000	0.005257	0.000010	3.797270
2170.000000	0.005260	0.000010	3.797270
2171.000000	0.005263	0.000009	3.797270
2172.000000	0.005265	0.000010	3.797270
2173.000000	0.005268	0.000009	3.797270
2174.000000	0.005270	0.000009	3.797270
2175.000000	0.005273	0.000010	3.797270
2176.000000	0.005276	0.000010	3.797270
2177.000000	0.005278	0.000010	3.797270
2178.000000	0.005281	0.000010	3.797270
2179.000000	0.005284	0.000010	3.797270
2180.000000	0.005286	0.000008	3.797270
2181.000000	0.005288	0.000010	3.797270
2182.000000	0.005291	0.000010	3.797270
2183.000000	0.005294	0.000009	3.797270
2184.000000	0.005296	0.000009	3.797270
2185.000000	0.005299	0.000009	3.797270
2186.000000	0.005301	0.000010	3.797270
2187.000000	0.005304	0.000010	3.797270
2188.000000	0.005307	0.000010	3.797270
2189.000000	0.005310	0.000010	3.797270
2190.000000	0.005312	0.000010	3.797270
2191.000000	0.005315	0.000009	3.797270
2192.000000	0.005317	0.000009	3.797270
2193.000000	0.005320	0.000009	3.797270
2194.000000	0.005323	0.000009	3.797270
2195.000000	0.005325	0.000009	3.797270
2196.000000	0.005328	0.000009	3.797270
2197.000000	0.005330	0.000009	3.797270
2198.000000	0.005333	0.000009	3.797270
2199.000000	0.005335	0.000009	3.797270
2200.000000	0.005338	0.000008	3.797270
2201.000000	0.005340	0.000010	3.797270
2202.000000	0.005343	0.000010	3.797270
2203.000000	0.005346	0.000010	3.797270
2204.000000	0.005348	0.000009	3.797270
2205.000000	0.005351	0.000009	3.797270
2206.000000	0.005353	0.000009	3.797270
2207.000000	0.005356	0.000009	3.797270
2208.000000	0.005358	0.000009	3.797270
2209.000000	0.005361	0.000008	3.797270
2210.000000	0.005363	0.000009	3.797270
2211.000000	0.005365	0.000009	3.797270
2212.000000	0.005368	0.000008	3.797270
2213.000000	0.005370	0.000009	3.797270
2214.000000	0.005372	0.000008	3.797270
2215.000000	0.005374	0.000008	3.797270
2216.000000	0.005377	0.000008	3.797270
2217.000000	0.005379	0.000009	3.797270
2218.000000	0.005382	0.000009	3.797270
2219.000000	0.005385	0.000010	3.797270
2220.000000	0.005387	0.000010	3.797270
2221.000000	0.005390	0.000010	3.797270
2222.000000	0.005393	0.000011	3.797270
2223.000000	0.005396	0.000011	3.797270
2224.000000	0.005399	0.000010	3.797270
2225.000000	0.005402	0.000010	3.797270
2226.000000	0.005405	0.000011	3.797270
2227.000000	0.005408	0.000012	3.797270
2228.000000	0.005410	0.000006	3.797270
2229.000000	0.005412	0.000006	3.797270
2230.000000	0.005414	0.000006	3.797270
2231.000000	0.005415	0.000006	3.797270
2232.000000	0.005417	0.000006	3.797270
2233.000000	0.005419	0.000007	3.797270
2234.000000	0.005421	0.000006	3.797270
2235.000000	0.005423	0.000007	3.797270
2236.000000	0.005425	0.000007	3.797270
2237.000000	0.005427	0.000007	3.797270
2238.000000	0.005429	0.000007	3.797270
2239.000000	0.005431	0.000007	3.797270
2240.000000	0.005433	0.000007	3.797270
2241.000000	0.005435	0.000007	3.797270
2242.000000	0.005437	0.000007	3.797270
2243.000000	0.005439	0.000008	3.797270
2244.000000	0.005441	0.000008	3.797270
2245.000000	0.005443	0.000008	3.797270
2246.000000	0.005446	0.000009	3.797270
2247.000000	0.005448	0.000009	3.797270
2248.000000	0.005450	0.000008	3.797270
2249.000000	0.005453	0.000008	3.797270
2250.000000	0.005455	0.000008	3.797270
2251.000000	0.005457	0.000007	3.797270
2252.000000	0.005459	0.000008	3.797270
2253.000000	0.005461	0.000009	3.797270
2254.000000	0.005464	0.000009	3.797270
2255.000000	0.005466	0.000009	3.797270
2256.000000	0.005469	0.000009	3.797270
2257.000000	0.005471	0.000008	3.797270
2258.000000	0.005473	0.000008	3.797270
2259.000000	0.005476	0.000009	3.797270
2260.000000	0.005478	0.000009	3.797270
2261.000000	0.005481	0.000009	3.797270
2262.000000	0.005483	0.000009	3.797270
2263.000000	0.005486	0.000009	3.797270
2264.000000	0.005488	0.000008	3.797270
2265.000000	0.005490	0.000008	3.797270
2266.000000	0.005492	0.000009	3.797270
2267.000000	0.005495	0.000009	3.797270
2268.000000	0.005497	0.000009	3.797270
2269.000000	0.005500	0.000008	3.797270
2270.000000	0.005502	0.000008	3.797270
2271.000000	0.005504	0.000008	3.797270
2272.000000	0.005506	0.000008	3.797270
2273.000000	0.005509	0.000008	3.797270
2274.000000	0.005511	0.000008	3.797270
2275.000000	0.005513	0.000009	3.797270
2276.000000	0.005516	0.000009	3.797270
2277.000000	0.005518	0.000009	3.797270
2278.000000	0.005521	0.000010	3.797270
2279.000000	0.005524	0.000009	3.797270
2280.000000	0.005526	0.000009	3.797270
2281.000000	0.005528	0.000009	3.797270
2282.000000	0.005531	0.000009	3.797270
2283.000000	0.005534	0.000009	3.797270
2284.000000	0.005536	0.000009	3.797270
2285.000000	0.005539	0.000009	3.797270
2286.000000	0.005541	0.000009	3.797270
2287.000000	0.005544	0.000009	3.797270
