time	charge	amps	volts
1.000000	0.000006	0.000021	4.197540
2.000000	0.000011	0.000020	4.197920
3.000000	0.000017	0.000020	4.197920
4.000000	0.000023	0.000020	4.197920
5.000000	0.000028	0.000020	4.197920
6.000000	0.000034	0.000020	4.197920
7.000000	0.000039	0.000019	4.197920
8.000000	0.000044	0.000019	4.197920
9.000000	0.000050	0.000020	4.197920
10.000000	0.000056	0.000020	4.197920
11.000000	0.000061	0.000020	4.197920
12.000000	0.000067	0.000020	4.197920
13.000000	0.000072	0.000020	4.197920
14.000000	0.000078	0.000019	4.197920
15.000000	0.000083	0.000019	4.197920
16.000000	0.000088	0.000018	4.197920
17.000000	0.000093	0.000018	4.197920
18.000000	0.000099	0.000020	4.197920
19.000000	0.000103	0.000014	4.197920
20.000000	0.000106	0.000014	4.197920
21.000000	0.000110	0.000014	4.197920
22.000000	0.000114	0.000014	4.197920
23.000000	0.000118	0.000014	4.197920
24.000000	0.000122	0.000014	4.197920
25.000000	0.000125	0.000014	4.197920
26.000000	0.000129	0.000014	4.197920
27.000000	0.000133	0.000014	4.197920
28.000000	0.000137	0.000014	4.197920
29.000000	0.000141	0.000014	4.197920
30.000000	0.000144	0.000014	4.197920
31.000000	0.000148	0.000014	4.197920
32.000000	0.000152	0.000014	4.197920
33.000000	0.000156	0.000014	4.197920
34.000000	0.000159	0.000014	4.197920
35.000000	0.000163	0.000014	4.197920
36.000000	0.000167	0.000014	4.197920
37.000000	0.000171	0.000014	4.197920
38.000000	0.000175	0.000014	4.197920
39.000000	0.000178	0.000014	4.197920
40.000000	0.000182	0.000014	4.197920
41.000000	0.000186	0.000014	4.197920
42.000000	0.000190	0.000014	4.197920
43.000000	0.000194	0.000014	4.197920
44.000000	0.000197	0.000014	4.197920
45.000000	0.000201	0.000014	4.197920
46.000000	0.000205	0.000014	4.197920
47.000000	0.000209	0.000014	4.197920
48.000000	0.000213	0.000014	4.197920
